#task_len	n_samples	std_et	re_et	std_pt	re_pt
	 1	  300	       1    .001025	    .9	  .000849
	 2	  300	     1.4    .000715	   1.3	  .000632
	 4	  300	     1.8    .000443	   1.5	  .000379
	 8	  300	     1.9    .000239	   1.8	  .000225
	16	  300	     2.1    .000133	   1.9	  .000116
	32	  300	    21.8     .00068	   1.9	   .00006
	64	  300	    24.1    .000376	   2.3	  .000035
       128	  300	    39.1    .000305	   2.3	  .000018
       256	  300	   126.6    .000493	   3.3	  .000013
       512	  300	  1331.6    .002595	   9.4	  .000018
      1024	  300	  1578.2    .001538	  11.4	  .000011
      2048	  300	    1169     .00057	  11.2	  .000005
      4096	  300	  2301.8    .000552	    26	  .000006
      8192	   40	   339.6    .000041	    21	  .000003
     16384	   40	  5661.7    .000345	  40.4	  .000002
