#task_len	n_samples	std_et	re_et	std_pt	re_pt
	 1	  300	       1    .001025	    .9	  .000849
	 2	  300	     1.4    .000715	   1.3	  .000632
	 4	  300	     1.8    .000443	   1.5	  .000379
	 8	  300	     1.9    .000239	   1.8	  .000225
	16	  300	     2.1    .000133	   1.9	  .000116
	32	  298	     1.9     .00006	   1.7	  .000055
	64	  298	     2.3    .000036	   2.2	  .000034
       128	  298	     2.4    .000019	   2.3	  .000018
       256	  294	     2.9    .000011	   2.7	  .000011
       512	  288	     3.5    .000007	     3	  .000006
      1024	  296	   122.6     .00012	   4.6	  .000004
      2048	  299	   168.1    .000082	   7.4	  .000004
      4096	  292	   778.5    .000187	    24	  .000006
      8192	   40	   339.6    .000041	    21	  .000003
     16384	   38	   229.8    .000014	  26.7	  .000002
