ITERNUM	METIME	PRTIME	TPRTIME	DIFF	TDIFF	NRPROCS	NPROCS
1	4168820	4105541	4169017	63278	63476	11	97
2	4169452	4105493	4169647	63958	64154	14	99
3	4168622	4105537	4168815	63084	63278	10	97
4	4168288	4105548	4168490	62739	62942	11	97
5	4169110	4105545	4169305	63564	63760	14	99
6	4168733	4105523	4168925	63209	63402	8	97
7	4169067	4105555	4169260	63511	63705	9	97
8	4168458	4105552	4168649	62905	63097	11	99
9	4169074	4105532	4169265	63541	63733	13	98
10	4168663	4105515	4168861	63147	63346	12	97
11	4168946	4105549	4169146	63396	63597	10	97
12	4168816	4105514	4169010	63301	63496	13	99
13	4168652	4105518	4168856	63133	63338	11	97
14	4168671	4105487	4168868	63183	63381	12	99
15	4168950	4105525	4169145	63424	63620	11	98
16	4168327	4105535	4168523	62791	62988	13	98
17	4168469	4105475	4168665	62993	63190	11	97
18	4168698	4105495	4168892	63202	63397	8	97
19	4169660	4105557	4169852	64102	64294	13	99
20	4168244	4105530	4168445	62713	62915	10	97
21	4168559	4105540	4168754	63018	63214	10	98
22	4168729	4105534	4168926	63195	63392	11	98
23	4169350	4105525	4169541	63824	64016	13	98
24	4168239	4105530	4168430	62708	62900	11	97
25	4168457	4105499	4168647	62957	63148	9	97
26	4169330	4105535	4169524	63794	63989	14	99
27	4169010	4105508	4169202	63501	63694	11	97
28	4168303	4105545	4168498	62757	62953	11	97
29	4168659	4105523	4168850	63135	63327	13	99
30	4168949	4105536	4169141	63412	63605	10	98
31	4168926	4105497	4169268	63428	63771	10	97
32	4168351	4105532	4168547	62818	63015	11	97
33	4189482	4105612	4189679	83869	84067	15	99
34	4168627	4105500	4168819	63126	63319	10	97
35	4168969	4105519	4169163	63449	63644	11	99
36	4168403	4105507	4168599	62895	63092	12	98
37	4168651	4105530	4168850	63120	63320	11	98
38	4168762	4105537	4168959	63224	63422	10	97
39	4168935	4105524	4169135	63410	63611	9	97
40	4169017	4105556	4169210	63460	63654	12	99
41	4168325	4105524	4168521	62800	62997	10	97
42	4168545	4105498	4168740	63046	63242	10	97
43	4169105	4105517	4169304	63587	63787	11	98
44	4168969	4105542	4169162	63426	63620	10	98
45	4168372	4105554	4168567	62818	63013	9	97
46	4168724	4105521	4168920	63202	63399	12	98
47	4169596	4105505	4169790	64090	64285	12	98
48	4168597	4105518	4168788	63078	63270	9	97
49	4168245	4105476	4168440	62768	62964	10	97
50	4169387	4105523	4169581	63863	64058	15	100
51	4168939	4105481	4169139	63457	63658	10	97
52	4168427	4105552	4168624	62874	63072	10	97
53	4168455	4105535	4168651	62919	63116	10	98
54	4169185	4105538	4169378	63646	63840	13	98
55	4168805	4105504	4169002	63300	63498	10	99
56	4168950	4105561	4169143	63388	63582	9	97
57	4177537	4105581	4177835	71955	72254	11	99
58	4180618	4105574	4180812	75043	75238	12	98
59	4168724	4105468	4168918	63255	63450	11	97
60	4168932	4105507	4169127	63424	63620	13	98
61	4168647	4105542	4168840	63104	63298	12	98
62	4168530	4105527	4168726	63002	63199	8	97
63	4168741	4105479	4168938	63261	63459	10	97
64	4169492	4105533	4169683	63958	64150	13	99
65	4168297	4105524	4168496	62772	62972	11	97
66	4168747	4105522	4168940	63224	63418	10	97
67	4168890	4105481	4169084	63409	63603	11	98
68	4169169	4105538	4169363	63630	63825	12	98
69	4168160	4105537	4168357	62622	62820	10	97
70	4168482	4105518	4168674	62963	63156	10	97
71	4169422	4105529	4169617	63892	64088	16	100
72	4169046	4105523	4169240	63522	63717	11	97
73	4168313	4105526	4168509	62786	62983	11	97
74	4168574	4105533	4168769	63040	63236	10	98
75	4169011	4105529	4169205	63481	63676	11	98
76	4169016	4105507	4169211	63508	63704	12	99
77	4168302	4105546	4168501	62755	62955	9	97
78	4169236	4105530	4169422	63705	63892	13	99
79	4168602	4105519	4168801	63082	63282	7	97
80	4168990	4105502	4169184	63487	63682	10	97
81	4168456	4105549	4168656	62906	63107	11	98
82	4168790	4105508	4168982	63281	63474	11	98
83	4168565	4105509	4168761	63055	63252	10	97
84	4169300	4105515	4169494	63784	63979	11	98
85	4168948	4105546	4169146	63401	63600	12	98
86	4168409	4105512	4168602	62896	63090	9	97
87	4168572	4105503	4168769	63068	63266	11	97
88	4169055	4105489	4169246	63565	63757	11	98
89	4168875	4105509	4169068	63365	63559	11	98
90	4168262	4105508	4168460	62754	62952	10	97
91	4168932	4105503	4169125	63428	63622	12	99
92	4169452	4105477	4169646	63974	64169	13	98
93	4168472	4105532	4168673	62939	63141	11	97
94	4168713	4105528	4168911	63184	63383	11	98
95	4168671	4105513	4168863	63157	63350	13	98
96	4168890	4105496	4169083	63393	63587	12	97
97	4168644	4105530	4168988	63113	63458	9	99
98	4168893	4105546	4169081	63346	63535	14	99
99	4168646	4105544	4168840	63101	63296	10	97
100	4168802	4105506	4168998	63295	63492	9	97
101	4169295	4105549	4169488	63745	63939	13	98
102	4168391	4105557	4168591	62833	63034	9	98
103	4168675	4105519	4168869	63155	63350	10	97
104	4168671	4105470	4168866	63200	63396	11	97
105	4169624	4105517	4169818	64106	64301	14	99
106	4168262	4105525	4168459	62736	62934	9	97
107	4168509	4105508	4168705	63000	63197	9	97
108	4169061	4105476	4169257	63584	63781	10	98
109	4169212	4105511	4169402	63700	63891	12	98
110	4168245	4105516	4168438	62728	62922	10	97
111	4168480	4105527	4168677	62952	63150	11	97
112	4169512	4105505	4169703	64006	64198	14	100
113	4168921	4105536	4169120	63385	63584	9	97
114	4168276	4105540	4168467	62735	62927	10	97
115	4169006	4105495	4169201	63510	63706	13	98
116	4168797	4105480	4168994	63316	63514	11	98
117	4169013	4105523	4169209	63489	63686	13	99
118	4168795	4105557	4168989	63237	63432	12	98
119	4168504	4105506	4168696	62997	63190	10	98
120	4168588	4105480	4168781	63107	63301	10	97
121	4169186	4105526	4169386	63659	63860	10	97
122	4168873	4105551	4169065	63321	63514	13	99
123	4168359	4105544	4168555	62814	63011	11	97
124	4168589	4105565	4168790	63023	63225	12	97
125	4169603	4105513	4169799	64089	64286	12	98
126	4168434	4105527	4168628	62906	63101	11	98
127	4168295	4105498	4168490	62796	62992	10	97
128	4168564	4105502	4168756	63061	63254	9	97
129	4169508	4105512	4169700	63995	64188	14	99
130	4168570	4105544	4168767	63025	63223	10	97
131	4168208	4105518	4168403	62689	62885	11	97
132	4169127	4105528	4169325	63598	63797	11	98
133	4169056	4105489	4169250	63566	63761	11	99
134	4168558	4105526	4168756	63031	63230	10	97
135	4168584	4105524	4168780	63060	63256	10	98
136	4168735	4105545	4168931	63189	63386	13	98
137	4168781	4105475	4168973	63305	63498	10	97
138	4169515	4105523	4169709	63991	64186	14	100
139	4168229	4105527	4168427	62701	62900	9	97
140	4168666	4105522	4168869	63143	63347	11	98
141	4169249	4105451	4169441	63797	63990	12	98
142	4168634	4105537	4168834	63096	63297	10	97
143	4168293	4105542	4168484	62750	62942	12	98
144	4168480	4105532	4168678	62947	63146	9	97
145	4169486	4105521	4169679	63964	64158	13	98
146	4168946	4105556	4169139	63389	63583	11	97
147	4168373	4105543	4168562	62829	63019	10	98
148	4168885	4105557	4169085	63327	63528	12	98
149	4168602	4105477	4168796	63124	63319	9	97
150	4168992	4105469	4169188	63522	63719	12	98
151	4168275	4105534	4168468	62740	62934	10	97
152	4169058	4105533	4169252	63524	63719	12	98
153	4168606	4105523	4168803	63082	63280	9	97
154	4169177	4105543	4169366	63633	63823	12	99
155	4168654	4105563	4168842	63090	63278	13	98
156	4168338	4105540	4168531	62797	62991	12	97
157	4168899	4105508	4169088	63390	63580	12	98
158	4168992	4105514	4169186	63478	63672	10	97
159	4168975	4105546	4169168	63428	63622	13	100
160	4168440	4105501	4168631	62938	63130	11	98
161	4168695	4105535	4168886	63159	63351	10	97
162	4169420	4105495	4169617	63924	64122	14	98
163	4168596	4105533	4168792	63062	63259	9	97
164	4168360	4105513	4168554	62846	63041	12	98
165	4168655	4105510	4168848	63144	63338	10	97
166	4169453	4105467	4169651	63985	64184	12	98
167	4168672	4105512	4168869	63159	63357	11	98
168	4168275	4105518	4168470	62756	62952	9	97
169	4169076	4105545	4169270	63530	63725	13	98
170	4168892	4105501	4169089	63390	63588	9	97
171	4168674	4105544	4168867	63129	63323	11	98
172	4168394	4105523	4168591	62870	63068	9	97
173	4169291	4105553	4169491	63737	63938	13	98
174	4169104	4105493	4169299	63610	63806	12	99
175	4168823	4105538	4169022	63284	63484	11	97
176	4168302	4105537	4168500	62764	62963	8	97
177	4168979	4105531	4169173	63447	63642	11	98
178	4168930	4105495	4169120	63434	63625	13	98
179	4168768	4105548	4168962	63219	63414	12	99
180	4189376	4105626	4189564	83749	83938	14	98
181	4168825	4105497	4169016	63328	63519	10	98
182	4168759	4105489	4168958	63269	63469	11	97
183	4168699	4105539	4168893	63159	63354	9	97
184	4168663	4105569	4168854	63093	63285	11	98
185	4168754	4105559	4168946	63194	63387	12	98
186	4168630	4105489	4168822	63140	63333	9	97
187	4169630	4105512	4169822	64117	64310	13	98
188	4168272	4105516	4168464	62755	62948	11	98
189	4168424	4105548	4168624	62875	63076	12	97
190	4168627	4105486	4168818	63140	63332	11	98
191	4169329	4105537	4169524	63791	63987	11	98
192	4168286	4105556	4168478	62729	62922	9	98
193	4168412	4105560	4168609	62851	63049	8	97
194	4169282	4105532	4169475	63749	63943	12	98
195	4169118	4105531	4169308	63586	63777	10	99
196	4168263	4105529	4168462	62733	62933	9	97
197	4168438	4105522	4168634	62915	63112	11	97
198	4169121	4105507	4169314	63613	63807	13	99
199	4169260	4105536	4169456	63723	63920	10	97
200	4168328	4105561	4168530	62766	62969	14	99
201	4168976	4105572	4169172	63403	63600	11	98
202	4168692	4105517	4168882	63174	63365	12	98
203	4168977	4105518	4169177	63459	63659	10	97
204	4168904	4105512	4169093	63391	63581	13	98
205	4168675	4105518	4168867	63156	63349	11	98
206	4168541	4105513	4168742	63027	63229	8	97
207	4168929	4105496	4169125	63432	63629	10	97
208	4169035	4105554	4169229	63480	63675	10	98
209	4168357	4105552	4168548	62804	62996	10	98
210	4168579	4105523	4168778	63055	63255	12	97
211	4169508	4105476	4169701	64031	64225	12	98
212	4168668	4105507	4168863	63160	63356	12	98
213	4168311	4105533	4168505	62777	62972	10	97
214	4168672	4105573	4168869	63098	63296	10	98
215	4169383	4105502	4169574	63880	64072	11	98
216	4168888	4105557	4169078	63330	63521	13	99
217	4168231	4105563	4168426	62667	62863	11	97
218	4168985	4105571	4169177	63413	63606	11	98
219	4168793	4105479	4168980	63313	63501	11	98
220	4168732	4105543	4168922	63188	63379	11	97
221	4168721	4105524	4168913	63196	63389	15	100
222	4168495	4105517	4168696	62977	63179	9	97
223	4168887	4105493	4169085	63393	63592	11	98
224	4169065	4105543	4169260	63521	63717	10	97
225	4168705	4105526	4168904	63178	63378	13	98
226	4168552	4105520	4168748	63032	63228	12	98
227	4168608	4105507	4168805	63100	63298	11	97
228	4169430	4105501	4169620	63928	64119	9	98
229	4168166	4105489	4168352	62676	62863	10	97
230	4168747	4105527	4168946	63219	63419	11	98
231	4169145	4105518	4169340	63626	63822	13	98
232	4168900	4105532	4169090	63367	63558	9	97
233	4168494	4105544	4168688	62949	63144	12	98
234	4168365	4105535	4168566	62829	63031	10	97
235	4169241	4105548	4169434	63692	63886	13	98
236	4169384	4105545	4169582	63838	64037	10	99
237	4168305	4105517	4168499	62787	62982	9	97
238	4168887	4105538	4169084	63348	63546	13	98
239	4168548	4105532	4168746	63015	63214	10	97
240	4169134	4105528	4169328	63605	63800	11	98
241	4168274	4105546	4168471	62727	62925	10	97
242	4169073	4105542	4169262	63530	63720	15	100
243	4168687	4105514	4168882	63172	63368	12	98
244	4168846	4105457	4169038	63388	63581	9	97
245	4168778	4105543	4168974	63234	63431	11	98
246	4168397	4105528	4168594	62868	63066	10	97
247	4168807	4105528	4168999	63278	63471	9	98
248	4169234	4105519	4169425	63714	63906	10	97
249	4169007	4105560	4169200	63447	63640	14	98
250	4168483	4105548	4168678	62934	63130	11	98
251	4168602	4105555	4168795	63046	63240	9	97
252	4169345	4105498	4169543	63846	64045	11	98
253	4168411	4105515	4168605	62895	63090	9	97
254	4168389	4105539	4168583	62849	63044	10	98
255	4168554	4105509	4168749	63044	63240	10	97
256	4169432	4105493	4169626	63938	64133	12	98
257	4168894	4105560	4169092	63333	63532	12	99
258	4168230	4105523	4168420	62706	62897	9	97
259	4168540	4105547	4168734	62992	63187	11	97
260	4169329	4105501	4169523	63827	64022	10	98
261	4168799	4105552	4168996	63246	63444	11	98
262	4168340	4105537	4168538	62802	63001	10	98
263	4169114	4105554	4169303	63559	63749	14	100
264	4168830	4105465	4169019	63364	63554	13	98
265	4168753	4105543	4168946	63209	63403	9	97
266	4168297	4105532	4168494	62764	62962	10	97
267	4169063	4105536	4169326	63526	63790	11	98
268	4168820	4105477	4169018	63342	63541	13	98
269	4168828	4105540	4169025	63287	63485	10	97
270	4168879	4105559	4169074	63319	63515	12	98
271	4168732	4105528	4168925	63204	63397	11	98
272	4168566	4105489	4168766	63076	63277	10	97
273	4168921	4105534	4169116	63386	63582	7	97
274	4168844	4105582	4169036	63261	63454	13	99
275	4168429	4105529	4168627	62899	63098	10	97
276	4168599	4105531	4168795	63067	63264	8	97
277	4169579	4105538	4169770	64040	64232	12	98
278	4168692	4105566	4168884	63125	63318	12	99
279	4168494	4105526	4168690	62967	63164	12	97
280	4168583	4105547	4168773	63035	63226	9	97
281	4169475	4105521	4169671	63953	64150	13	99
282	4168406	4105514	4168595	62891	63081	11	97
283	4168275	4105538	4168477	62736	62939	12	99
284	4191161	4105629	4191357	85531	85728	13	98
285	4169165	4105512	4169357	63652	63845	15	98
286	4168622	4105550	4168817	63071	63267	11	97
287	4168260	4105553	4168456	62706	62903	10	97
288	4169197	4105559	4169390	63637	63831	12	99
289	4169003	4105497	4169199	63505	63702	10	97
290	4168719	4105522	4168919	63196	63397	9	97
291	4168745	4105530	4168940	63214	63410	11	98
292	4168663	4105542	4168859	63120	63316	9	98
293	4168788	4105501	4168983	63286	63482	10	97
294	4169269	4105555	4169470	63714	63915	11	98
295	4168557	4105537	4168756	63019	63219	11	98
296	4168528	4105509	4168720	63018	63211	9	97
297	4168699	4105518	4168889	63180	63371	9	97
298	4169461	4105547	4169647	63913	64100	12	98
299	4168516	4105541	4168712	62974	63171	12	99
300	4168542	4105524	4168742	63017	63218	11	97
