RUNID	ITERNUM	METIME	PRTIME	TPRTIME	DIFF	TDIFF	NRPROCS	NPROCS
17520	1	16043	16039	16240	4	201	5	93
17520	2	16019	16018	16216	1	198	4	93
17520	3	16040	16039	16236	1	197	3	93
17520	4	16042	16040	16240	2	200	4	93
17520	5	16043	16041	16239	2	198	4	93
17520	6	16017	16016	16215	1	199	3	93
17520	7	16042	16040	16240	2	200	4	93
17520	8	16041	16039	16238	2	199	3	93
17520	9	16041	16038	16238	3	200	4	93
17520	10	16041	16037	16238	4	201	5	93
17520	11	16019	16018	16216	1	198	4	93
17520	12	16043	16041	16239	2	198	4	93
17520	13	16042	16040	16240	2	200	4	93
17520	14	16040	16039	16238	1	199	3	93
17520	15	16019	16018	16216	1	198	4	93
17520	16	16043	16041	16239	2	198	4	93
17520	17	16040	16039	16236	1	197	3	93
17520	18	16042	16040	16240	2	200	4	93
17520	19	16036	16032	16232	4	200	6	93
17520	20	16029	16026	16226	3	200	4	93
17520	21	16043	16040	16238	3	198	4	93
17520	22	16040	16039	16236	1	197	3	93
17520	23	16043	16040	16242	3	202	4	93
17520	24	16020	16018	16218	2	200	4	93
17520	25	16042	16041	16239	1	198	4	93
17520	26	16042	16040	16240	2	200	4	93
17520	27	16042	16041	16239	1	198	4	93
17520	28	16027	16027	16224	0	197	3	93
17520	29	16034	16032	16231	2	199	5	93
17520	30	16042	16039	16240	3	201	5	93
17520	31	16041	16040	16237	1	197	3	93
17520	32	16042	16040	16240	2	200	4	93
17520	33	16019	16016	16216	3	200	4	93
17520	34	16041	16040	16240	1	200	4	93
17520	35	16043	16041	16239	2	198	4	93
17520	36	16042	16038	16239	4	201	5	93
17520	37	16020	16018	16218	2	200	4	93
17520	38	16043	16039	16242	4	203	5	93
17520	39	16041	16039	16239	2	200	4	93
17520	40	16042	16039	16239	3	200	4	93
17520	41	16042	16040	16238	2	198	4	93
17520	42	16017	16016	16213	1	197	3	93
17520	43	16043	16040	16240	3	200	4	93
17520	44	16042	16040	16240	2	200	4	93
17520	45	16040	16039	16238	1	199	3	93
17520	46	16019	16017	16215	2	198	4	93
17520	47	16041	16038	16238	3	200	4	93
17520	48	16040	16038	16239	2	201	5	93
17520	49	16042	16038	16241	4	203	5	93
17520	50	16039	16039	16236	0	197	3	93
17520	51	16022	16020	16220	2	200	4	93
17520	52	16042	16040	16240	2	200	4	93
17520	53	16042	16039	16239	3	200	4	93
17520	54	16043	16040	16240	3	200	4	93
17520	55	16019	16016	16214	3	198	4	93
17520	56	16040	16039	16236	1	197	3	93
17520	57	16043	16039	16240	4	201	5	93
17520	58	16042	16039	16240	3	201	5	93
17520	59	16041	16039	16236	2	197	3	93
17520	60	16017	16015	16215	2	200	4	93
17520	61	16040	16039	16238	1	199	3	93
17520	62	16042	16040	16240	2	200	4	93
17520	63	16043	16039	16239	4	200	5	93
17520	64	16041	16039	16238	2	199	3	93
17520	65	16019	16015	16216	4	201	5	93
17520	66	16042	16039	16240	3	201	5	93
17520	67	16040	16038	16238	2	200	4	93
17520	68	16042	16040	16238	2	198	4	93
17520	69	16043	16040	16240	3	200	4	93
17520	70	16014	16014	16211	0	197	3	93
17520	71	16042	16040	16238	2	198	4	93
17520	72	16040	16039	16240	1	201	3	93
17520	73	16040	16039	16236	1	197	3	93
17520	74	16043	16039	16240	4	201	5	93
17520	75	16016	16014	16212	2	198	4	93
17520	76	16042	16040	16240	2	200	4	93
17520	77	16043	16040	16239	3	199	4	93
17520	78	16040	16039	16236	1	197	3	93
17520	79	16042	16040	16238	2	198	4	93
17520	80	16018	16016	16214	2	198	4	93
17520	81	16040	16039	16238	1	199	3	93
17520	82	16043	16040	16240	3	200	4	93
17520	83	16042	16039	16238	3	199	5	93
17520	84	16033	16032	16230	1	198	4	93
17520	85	16025	16022	16221	3	199	5	93
17520	86	16040	16040	16237	0	197	3	93
17520	87	16041	16039	16237	2	198	4	93
17520	88	16043	16040	16240	3	200	4	93
17520	89	16025	16024	16223	1	199	3	93
17520	90	16035	16032	16232	3	200	4	93
17520	91	16042	16041	16239	1	198	4	93
17520	92	16040	16038	16238	2	200	4	93
17520	93	16042	16040	16239	2	199	5	93
17520	94	16018	16014	16215	4	201	5	93
17520	95	16040	16040	16237	0	197	3	93
17520	96	16042	16040	16240	2	200	4	93
17520	97	16042	16040	16238	2	198	4	93
17520	98	16041	16039	16238	2	199	3	93
17520	99	16017	16015	16215	2	200	4	93
17520	100	16041	16039	16236	2	197	3	93
17520	101	16041	16039	16238	2	199	5	93
17520	102	16042	16039	16238	3	199	5	93
17520	103	16041	16038	16253	3	215	6	94
17520	104	16018	16016	16216	2	200	4	93
17520	105	16043	16041	16241	2	200	4	93
17520	106	16040	16039	16237	1	198	3	93
17520	107	16042	16041	16239	1	198	4	93
17520	108	16042	16040	16238	2	198	4	93
17520	109	16015	16014	16211	1	197	3	93
17520	110	16042	16039	16240	3	201	5	93
17520	111	16040	16039	16240	1	201	5	93
17520	112	16040	16038	16236	2	198	4	93
17520	113	16037	16034	16235	3	201	5	93
17520	114	16022	16022	16219	0	197	3	93
17520	115	16042	16041	16239	1	198	4	93
17520	116	16043	16040	16241	3	201	4	93
17520	117	16040	16039	16236	1	197	3	93
17520	118	16022	16020	16218	2	198	4	93
17520	119	16038	16036	16236	2	200	4	93
17520	120	16041	16039	16238	2	199	3	93
17520	121	16042	16040	16240	2	200	4	93
17520	122	16042	16041	16239	1	198	4	93
17520	123	16015	16013	16211	2	198	4	93
17520	124	16042	16040	16239	2	199	5	93
17520	125	16041	16038	16238	3	200	4	93
17520	126	16043	16040	16240	3	200	4	93
17520	127	16042	16040	16240	2	200	4	93
17520	128	16015	16015	16212	0	197	3	93
17520	129	16042	16040	16240	2	200	4	93
17520	130	16042	16040	16238	2	198	4	93
17520	131	16041	16039	16238	2	199	3	93
17520	132	16042	16040	16238	2	198	4	93
17520	133	16018	16015	16215	3	200	4	93
17520	134	16040	16039	16238	1	199	3	93
17520	135	16042	16040	16239	2	199	5	93
17520	136	16041	16040	16238	1	198	4	93
17520	137	16032	16031	16229	1	198	4	93
17520	138	16027	16024	16224	3	200	4	93
17520	139	16041	16039	16238	2	199	3	93
17520	140	16041	16040	16238	1	198	4	93
17520	141	16043	16040	16240	3	200	4	93
17520	142	16018	16018	16215	0	197	3	93
17520	143	16042	16039	16237	3	198	4	93
17520	144	16042	16040	16238	2	198	4	93
17520	145	16040	16039	16238	1	199	3	93
17520	146	16042	16040	16239	2	199	5	93
17520	147	16017	16014	16215	3	201	5	93
17520	148	16041	16039	16238	2	199	3	93
17520	149	16042	16041	16239	1	198	4	93
17520	150	16040	16039	16237	1	198	4	93
17520	151	16040	16039	16238	1	199	3	93
17520	152	16018	16017	16215	1	198	4	93
17520	153	16040	16039	16236	1	197	3	93
17520	154	16042	16040	16240	2	200	4	93
17520	155	16042	16040	16240	2	200	4	93
17520	156	16037	16035	16234	2	199	3	93
17520	157	16022	16020	16220	2	200	4	93
17520	158	16043	16039	16240	4	201	5	93
17520	159	16039	16038	16236	1	198	4	93
17520	160	16043	16040	16240	3	200	4	93
17520	161	16021	16020	16218	1	198	4	93
17520	162	16036	16036	16233	0	197	3	93
17520	163	16042	16040	16240	2	200	4	93
17520	164	16040	16040	16237	0	197	3	93
17520	165	16041	16040	16238	1	198	4	93
17520	166	16019	16016	16214	3	198	4	93
17520	167	16041	16039	16236	2	197	3	93
17520	168	16043	16039	16240	4	201	5	93
17520	169	16042	16038	16241	4	203	5	93
17520	170	16041	16039	16237	2	198	4	93
17520	171	16017	16015	16214	2	199	5	93
17520	172	16043	16040	16240	3	200	4	93
17520	173	16040	16039	16236	1	197	3	93
17520	174	16043	16040	16240	3	200	4	93
17520	175	16041	16039	16238	2	199	3	93
17520	176	16014	16013	16212	1	199	3	93
17520	177	16042	16041	16239	1	198	4	93
17520	178	16041	16039	16238	2	199	3	93
17520	179	16042	16040	16238	2	198	4	93
17520	180	16042	16041	16239	1	198	4	93
17520	181	16016	16013	16215	3	202	4	93
17520	182	16042	16039	16238	3	199	5	93
17520	183	16042	16040	16240	2	200	4	93
17520	184	16040	16039	16237	1	198	3	93
17520	185	16041	16040	16238	1	198	4	93
17520	186	16016	16014	16212	2	198	4	93
17520	187	16040	16040	16237	0	197	3	93
17520	188	16041	16040	16238	1	198	4	93
17520	189	16042	16040	16241	2	201	3	93
17520	190	16042	16041	16239	1	198	4	93
17520	191	16017	16014	16214	3	200	4	93
17520	192	16040	16039	16237	1	198	4	93
17520	193	16042	16040	16240	2	200	4	93
17520	194	16042	16039	16238	3	199	5	93
17520	195	16040	16038	16238	2	200	4	93
17520	196	16017	16014	16214	3	200	4	93
17520	197	16042	16040	16240	2	200	4	93
17520	198	16040	16039	16237	1	198	4	93
17520	199	16043	16040	16240	3	200	4	93
17520	200	16040	16039	16238	1	199	3	93
17520	201	16017	16015	16212	2	197	3	93
17520	202	16041	16040	16238	1	198	4	93
17520	203	16041	16039	16238	2	199	3	93
17520	204	16042	16040	16240	2	200	4	93
17520	205	16039	16036	16237	3	201	5	93
17520	206	16019	16017	16217	2	200	4	93
17520	207	16043	16039	16240	4	201	5	93
17520	208	16041	16040	16238	1	198	4	93
17520	209	16040	16040	16237	0	197	3	93
17520	210	16034	16031	16231	3	200	4	93
17520	211	16026	16025	16223	1	198	4	93
17520	212	16041	16037	16238	4	201	5	93
17520	213	16042	16040	16238	2	198	4	93
17520	214	16040	16040	16237	0	197	3	93
17520	215	16029	16027	16227	2	200	3	93
17520	216	16030	16028	16227	2	199	5	93
17520	217	16040	16038	16236	2	198	4	93
17520	218	16042	16040	16239	2	199	5	93
17520	219	16042	16040	16238	2	198	4	93
17520	220	16025	16024	16222	1	198	3	93
17520	221	16035	16032	16234	3	202	4	93
17520	222	16042	16040	16238	2	198	4	93
17520	223	16041	16039	16236	2	197	3	93
17520	224	16042	16040	16238	2	198	4	93
17520	225	16019	16017	16217	2	200	4	93
17520	226	16039	16038	16237	1	199	3	93
17520	227	16043	16040	16238	3	198	4	93
17520	228	16040	16039	16237	1	198	4	93
17520	229	16041	16039	16238	2	199	5	93
17520	230	16017	16015	16214	2	199	5	93
17520	231	16040	16039	16238	1	199	3	93
17520	232	16042	16040	16240	2	200	4	93
17520	233	16043	16040	16240	3	200	4	93
17520	234	16040	16039	16236	1	197	3	93
17520	235	16016	16015	16213	1	198	4	93
17520	236	16042	16041	16239	1	198	4	93
17520	237	16040	16039	16238	1	199	3	93
17520	238	16043	16040	16240	3	200	4	93
17520	239	16040	16038	16240	2	202	4	93
17520	240	16016	16013	16231	3	218	6	94
17520	241	16042	16039	16238	3	199	5	93
17520	242	16041	16038	16237	3	199	4	93
17520	243	16042	16041	16239	1	198	4	93
17520	244	16042	16040	16238	2	198	4	93
17520	245	16015	16015	16212	0	197	3	93
17520	246	16043	16040	16238	3	198	4	93
17520	247	16043	16040	16240	3	200	4	93
17520	248	16040	16040	16237	0	197	3	93
17520	249	16041	16040	16238	1	198	4	93
17520	250	16017	16016	16214	1	198	4	93
17520	251	16040	16039	16236	1	197	3	93
17520	252	16043	16039	16240	4	201	5	93
17520	253	16040	16039	16237	1	198	4	93
17520	254	16038	16036	16236	2	200	4	93
17520	255	16022	16021	16219	1	198	4	93
17520	256	16040	16039	16236	1	197	3	93
17520	257	16043	16040	16238	3	198	4	93
17520	258	16042	16040	16238	2	198	4	93
17520	259	16029	16028	16225	1	197	3	93
17520	260	16031	16029	16228	2	199	4	93
17520	261	16042	16040	16238	2	198	4	93
17520	262	16040	16038	16238	2	200	4	93
17520	263	16042	16039	16238	3	199	5	93
17520	264	16019	16016	16216	3	200	4	93
17520	265	16039	16037	16237	2	200	4	93
17520	266	16042	16040	16239	2	199	5	93
17520	267	16040	16039	16238	1	199	3	93
17520	268	16042	16040	16238	2	198	4	93
17520	269	16018	16016	16214	2	198	4	93
17520	270	16042	16040	16241	2	201	3	93
17520	271	16042	16040	16240	2	200	4	93
17520	272	16042	16040	16240	2	200	4	93
17520	273	16040	16040	16237	0	197	3	93
17520	274	16017	16014	16218	3	204	7	94
17520	275	16043	16039	16240	4	201	5	93
17520	276	16041	16038	16238	3	200	4	93
17520	277	16042	16040	16240	2	200	4	93
17520	278	16041	16039	16240	2	201	4	93
17520	279	16015	16014	16213	1	199	3	93
17520	280	16042	16040	16239	2	199	5	93
17520	281	16040	16038	16237	2	199	3	93
17520	282	16042	16041	16239	1	198	4	93
17520	283	16040	16037	16238	3	201	5	93
17520	284	16019	16017	16215	2	198	4	93
17520	285	16042	16040	16238	2	198	4	93
17520	286	16042	16040	16238	2	198	4	93
17520	287	16040	16040	16237	0	197	3	93
17520	288	16025	16024	16222	1	198	4	93
17520	289	16035	16033	16231	2	198	4	93
17520	290	16040	16038	16239	2	201	3	93
17520	291	16042	16040	16238	2	198	4	93
17520	292	16040	16038	16236	2	198	4	93
17520	293	16015	16014	16213	1	199	5	93
17520	294	16042	16039	16240	3	201	5	93
17520	295	16041	16039	16238	2	199	3	93
17520	296	16042	16040	16240	2	200	4	93
17520	297	16042	16040	16240	2	200	4	93
17520	298	16015	16015	16212	0	197	3	93
17520	299	16042	16039	16241	3	202	4	93
17520	300	16042	16040	16238	2	198	4	93
