RUNID	ITERNUM	METIME	PRTIME	TPRTIME	DIFF	TDIFF	NRPROCS	NPROCS
17340	1	2005	2005	2203	0	198	2	93
17340	2	2005	2005	2201	0	196	2	93
17340	3	2005	2005	2203	0	198	2	93
17340	4	2006	2005	2201	1	196	2	93
17340	5	2004	2005	2201	-1	196	2	93
17340	6	2006	2005	2203	1	198	2	93
17340	7	2004	2005	2201	-1	196	2	93
17340	8	2005	2006	2202	-1	196	2	93
17340	9	2007	2006	2203	1	197	3	93
17340	10	2005	2005	2203	0	198	2	93
17340	11	2005	2005	2203	0	198	2	93
17340	12	2004	2005	2201	-1	196	2	93
17340	13	2007	2006	2203	1	197	3	93
17340	14	2005	2005	2201	0	196	2	93
17340	15	2006	2005	2203	1	198	2	93
17340	16	2005	2004	2200	1	196	2	93
17340	17	2002	2000	2199	2	199	3	93
17340	18	1997	1996	2194	1	198	2	93
17340	19	1999	1999	2197	0	198	2	93
17340	20	2005	2005	2203	0	198	2	93
17340	21	2007	2005	2204	2	199	3	93
17340	22	2005	2006	2202	-1	196	2	93
17340	23	2005	2004	2202	1	198	2	93
17340	24	2006	2005	2203	1	198	2	93
17340	25	2007	2006	2205	1	199	3	93
17340	26	2004	2005	2201	-1	196	2	93
17340	27	2005	2005	2203	0	198	2	93
17340	28	2005	2004	2204	1	200	2	93
17340	29	2006	2005	2201	1	196	2	93
17340	30	2005	2005	2201	0	196	2	93
17340	31	2005	2005	2203	0	198	2	93
17340	32	2005	2006	2202	-1	196	2	93
17340	33	2005	2004	2204	1	200	2	93
17340	34	2008	2006	2205	2	199	3	93
17340	35	2004	2005	2201	-1	196	2	93
17340	36	2005	2005	2201	0	196	2	93
17340	37	2005	2005	2201	0	196	2	93
17340	38	2007	2006	2203	1	197	3	93
17340	39	2005	2005	2201	0	196	2	93
17340	40	2004	2005	2201	-1	196	2	93
17340	41	2005	2005	2203	0	198	2	93
17340	42	2006	2006	2203	0	197	3	93
17340	43	2006	2005	2201	1	196	2	93
17340	44	2005	2005	2203	0	198	2	93
17340	45	2005	2005	2201	0	196	2	93
17340	46	2003	2002	2201	1	199	3	93
17340	47	1996	1997	2195	-1	198	2	93
17340	48	1999	1998	2196	1	198	2	93
17340	49	2005	2005	2203	0	198	2	93
17340	50	2007	2006	2205	1	199	3	93
17340	51	2005	2005	2201	0	196	2	93
17340	52	2006	2005	2202	1	197	2	93
17340	53	2006	2005	2203	1	198	2	93
17340	54	2004	2005	2201	-1	196	2	93
17340	55	2005	2006	2202	-1	196	2	93
17340	56	2005	2005	2202	0	197	2	93
17340	57	2005	2005	2203	0	198	2	93
17340	58	2005	2005	2202	0	197	2	93
17340	59	2007	2006	2205	1	199	3	93
17340	60	2005	2006	2202	-1	196	2	93
17340	61	2005	2005	2203	0	198	2	93
17340	62	2005	2006	2202	-1	196	2	93
17340	63	2006	2006	2203	0	197	3	93
17340	64	2005	2005	2203	0	198	2	93
17340	65	2004	2005	2201	-1	196	2	93
17340	66	2005	2005	2203	0	198	2	93
17340	67	2007	2006	2203	1	197	3	93
17340	68	2004	2005	2201	-1	196	2	93
17340	69	2005	2005	2203	0	198	2	93
17340	70	2005	2005	2201	0	196	2	93
17340	71	2007	2006	2205	1	199	3	93
17340	72	2005	2004	2204	1	200	2	93
17340	73	2005	2005	2201	0	196	2	93
17340	74	2005	2005	2203	0	198	2	93
17340	75	2005	2005	2202	0	197	3	93
17340	76	1998	1998	2194	0	196	2	93
17340	77	1997	1997	2193	0	196	2	93
17340	78	2005	2005	2203	0	198	2	93
17340	79	2004	2005	2201	-1	196	2	93
17340	80	2005	2006	2202	-1	196	2	93
17340	81	2005	2005	2203	0	198	2	93
17340	82	2005	2005	2201	0	196	2	93
17340	83	2005	2006	2202	-1	196	2	93
17340	84	2007	2005	2204	2	199	3	93
17340	85	2006	2005	2201	1	196	2	93
17340	86	2004	2005	2201	-1	196	2	93
17340	87	2005	2006	2202	-1	196	2	93
17340	88	2007	2006	2203	1	197	3	93
17340	89	2004	2005	2201	-1	196	2	93
17340	90	2006	2005	2203	1	198	2	93
17340	91	2005	2005	2201	0	196	2	93
17340	92	2007	2006	2203	1	197	3	93
17340	93	2005	2004	2202	1	198	2	93
17340	94	2005	2005	2202	0	197	2	93
17340	95	2005	2004	2204	1	200	2	93
17340	96	2007	2006	2203	1	197	3	93
17340	97	2006	2005	2201	1	196	2	93
17340	98	2005	2005	2201	0	196	2	93
17340	99	2006	2005	2201	1	196	2	93
17340	100	2007	2005	2206	2	201	3	93
17340	101	2005	2005	2203	0	198	2	93
17340	102	2005	2005	2203	0	198	2	93
17340	103	2005	2005	2202	0	197	2	93
17340	104	2005	2004	2202	1	198	2	93
17340	105	1996	1997	2193	-1	196	2	93
17340	106	1998	1998	2196	0	198	2	93
17340	107	2004	2004	2200	0	196	2	93
17340	108	2005	2005	2201	0	196	2	93
17340	109	2006	2006	2203	0	197	3	93
17340	110	2005	2005	2203	0	198	2	93
17340	111	2005	2005	2203	0	198	2	93
17340	112	2004	2005	2201	-1	196	2	93
17340	113	2007	2006	2205	1	199	3	93
17340	114	2005	2004	2204	1	200	2	93
17340	115	2005	2005	2201	0	196	2	93
17340	116	2005	2005	2201	0	196	2	93
17340	117	2007	2007	2204	0	197	3	93
17340	118	2005	2005	2201	0	196	2	93
17340	119	2005	2005	2201	0	196	2	93
17340	120	2005	2005	2201	0	196	2	93
17340	121	2007	2005	2206	2	201	3	93
17340	122	2006	2005	2203	1	198	2	93
17340	123	2005	2005	2201	0	196	2	93
17340	124	2006	2005	2203	1	198	2	93
17340	125	2007	2006	2203	1	197	3	93
17340	126	2005	2005	2203	0	198	2	93
17340	127	2005	2005	2201	0	196	2	93
17340	128	2005	2005	2201	0	196	2	93
17340	129	2005	2006	2202	-1	196	2	93
17340	130	2005	2004	2204	1	200	2	93
17340	131	2006	2005	2201	1	196	2	93
17340	132	2004	2005	2201	-1	196	2	93
17340	133	2005	2006	2202	-1	196	2	93
17340	134	2005	2004	2201	1	197	3	93
17340	135	1996	1997	2193	-1	196	2	93
17340	136	1997	1997	2195	0	198	2	93
17340	137	2005	2005	2201	0	196	2	93
17340	138	2007	2006	2205	1	199	3	93
17340	139	2004	2005	2201	-1	196	2	93
17340	140	2006	2005	2203	1	198	2	93
17340	141	2005	2005	2201	0	196	2	93
17340	142	2008	2006	2204	2	198	3	93
17340	143	2005	2004	2204	1	200	2	93
17340	144	2005	2005	2203	0	198	2	93
17340	145	2005	2004	2202	1	198	2	93
17340	146	2007	2006	2205	1	199	3	93
17340	147	2005	2005	2203	0	198	2	93
17340	148	2005	2005	2202	0	197	2	93
17340	149	2005	2005	2203	0	198	2	93
17340	150	2007	2005	2206	2	201	3	93
17340	151	2005	2005	2203	0	198	2	93
17340	152	2005	2005	2201	0	196	2	93
17340	153	2005	2005	2203	0	198	2	93
17340	154	2005	2005	2203	0	198	2	93
17340	155	2005	2005	2201	0	196	2	93
17340	156	2005	2005	2203	0	198	2	93
17340	157	2004	2005	2201	-1	196	2	93
17340	158	2005	2005	2201	0	196	2	93
17340	159	2007	2006	2203	1	197	3	93
17340	160	2005	2006	2202	-1	196	2	93
17340	161	2005	2005	2203	0	198	2	93
17340	162	2005	2006	2202	-1	196	2	93
17340	163	2007	2006	2205	1	199	3	93
17340	164	2002	2002	2200	0	198	2	93
17340	165	1997	1998	2194	-1	196	2	93
17340	166	1996	1997	2193	-1	196	2	93
17340	167	2007	2007	2204	0	197	3	93
17340	168	2005	2005	2202	0	197	2	93
17340	169	2006	2005	2203	1	198	2	93
17340	170	2004	2005	2201	-1	196	2	93
17340	171	2007	2006	2205	1	199	3	93
17340	172	2005	2005	2203	0	198	2	93
17340	173	2004	2005	2201	-1	196	2	93
17340	174	2005	2005	2203	0	198	2	93
17340	175	2007	2006	2203	1	197	3	93
17340	176	2005	2005	2203	0	198	2	93
17340	177	2005	2005	2201	0	196	2	93
17340	178	2005	2005	2203	0	198	2	93
17340	179	2005	2005	2202	0	197	2	93
17340	180	2005	2005	2202	0	197	2	93
17340	181	2006	2005	2203	1	198	2	93
17340	182	2004	2005	2201	-1	196	2	93
17340	183	2005	2005	2203	0	198	2	93
17340	184	2007	2006	2203	1	197	3	93
17340	185	2006	2005	2203	1	198	2	93
17340	186	2005	2004	2202	1	198	2	93
17340	187	2005	2005	2203	0	198	2	93
17340	188	2006	2006	2203	0	197	3	93
17340	189	2005	2005	2201	0	196	2	93
17340	190	2006	2005	2203	1	198	2	93
17340	191	2005	2005	2201	0	196	2	93
17340	192	2008	2006	2203	2	197	3	93
17340	193	2005	2005	2201	0	196	2	93
17340	194	1998	1998	2196	0	198	2	93
17340	195	1996	1997	2193	-1	196	2	93
17340	196	2003	2001	2198	2	197	3	93
17340	197	2005	2004	2204	1	200	2	93
17340	198	2005	2005	2203	0	198	2	93
17340	199	2005	2005	2203	0	198	2	93
17340	200	2007	2005	2204	2	199	3	93
17340	201	2005	2005	2203	0	198	2	93
17340	202	2005	2005	2201	0	196	2	93
17340	203	2005	2006	2202	-1	196	2	93
17340	204	2005	2005	2201	0	196	2	93
17340	205	2005	2005	2201	0	196	2	93
17340	206	2004	2005	2201	-1	196	2	93
17340	207	2005	2005	2201	0	196	2	93
17340	208	2005	2005	2203	0	198	2	93
17340	209	2007	2007	2204	0	197	3	93
17340	210	2005	2005	2201	0	196	2	93
17340	211	2005	2005	2201	0	196	2	93
17340	212	2006	2005	2201	1	196	2	93
17340	213	2006	2006	2203	0	197	3	93
17340	214	2005	2006	2202	-1	196	2	93
17340	215	2005	2005	2203	0	198	2	93
17340	216	2005	2005	2201	0	196	2	93
17340	217	2007	2006	2205	1	199	3	93
17340	218	2005	2004	2204	1	200	2	93
17340	219	2005	2005	2203	0	198	2	93
17340	220	2004	2005	2201	-1	196	2	93
17340	221	2008	2006	2204	2	198	3	93
17340	222	2005	2004	2200	1	196	2	93
17340	223	2005	2005	2203	0	198	2	93
17340	224	1999	1999	2195	0	196	2	93
17340	225	1998	1998	2195	0	197	3	93
17340	226	2001	2000	2200	1	200	2	93
17340	227	2004	2005	2201	-1	196	2	93
17340	228	2005	2005	2203	0	198	2	93
17340	229	2005	2005	2201	0	196	2	93
17340	230	2005	2005	2203	0	198	2	93
17340	231	2005	2004	2204	1	200	2	93
17340	232	2005	2006	2202	-1	196	2	93
17340	233	2005	2005	2203	0	198	2	93
17340	234	2007	2006	2203	1	197	3	93
17340	235	2005	2005	2201	0	196	2	93
17340	236	2005	2005	2201	0	196	2	93
17340	237	2005	2005	2201	0	196	2	93
17340	238	2007	2006	2203	1	197	3	93
17340	239	2005	2006	2202	-1	196	2	93
17340	240	2005	2004	2204	1	200	2	93
17340	241	2005	2005	2203	0	198	2	93
17340	242	2008	2006	2203	2	197	3	93
17340	243	2004	2005	2201	-1	196	2	93
17340	244	2005	2005	2203	0	198	2	93
17340	245	2005	2005	2201	0	196	2	93
17340	246	2007	2006	2205	1	199	3	93
17340	247	2005	2005	2201	0	196	2	93
17340	248	2005	2005	2201	0	196	2	93
17340	249	2005	2005	2201	0	196	2	93
17340	250	2007	2006	2203	1	197	3	93
17340	251	2005	2005	2203	0	198	2	93
17340	252	2005	2004	2204	1	200	2	93
17340	253	2004	2004	2200	0	196	2	93
17340	254	1999	1997	2198	2	201	3	93
17340	255	1997	1998	2194	-1	196	2	93
17340	256	2004	2004	2202	0	198	2	93
17340	257	2005	2005	2203	0	198	2	93
17340	258	2005	2005	2201	0	196	2	93
17340	259	2005	2005	2202	0	197	2	93
17340	260	2005	2005	2201	0	196	2	93
17340	261	2005	2004	2200	1	196	2	93
17340	262	2005	2006	2202	-1	196	2	93
17340	263	2007	2005	2202	2	197	3	93
17340	264	2005	2005	2201	0	196	2	93
17340	265	2005	2005	2202	0	197	2	93
17340	266	2005	2005	2203	0	198	2	93
17340	267	2008	2006	2204	2	198	3	93
17340	268	2005	2005	2201	0	196	2	93
17340	269	2005	2006	2202	-1	196	2	93
17340	270	2005	2005	2201	0	196	2	93
17340	271	2007	2006	2203	1	197	3	93
17340	272	2004	2005	2201	-1	196	2	93
17340	273	2005	2006	2202	-1	196	2	93
17340	274	2005	2005	2201	0	196	2	93
17340	275	2007	2006	2204	1	198	3	93
17340	276	2005	2005	2201	0	196	2	93
17340	277	2005	2005	2203	0	198	2	93
17340	278	2005	2005	2201	0	196	2	93
17340	279	2007	2006	2205	1	199	3	93
17340	280	2005	2005	2203	0	198	2	93
17340	281	2005	2004	2204	1	200	2	93
17340	282	2005	2006	2202	-1	196	2	93
17340	283	2002	2002	2198	0	196	2	93
17340	284	1997	1996	2196	1	200	2	93
17340	285	1998	1998	2196	0	198	2	93
17340	286	2004	2005	2201	-1	196	2	93
17340	287	2005	2005	2201	0	196	2	93
17340	288	2006	2006	2203	0	197	3	93
17340	289	2006	2005	2201	1	196	2	93
17340	290	2005	2004	2202	1	198	2	93
17340	291	2005	2006	2202	-1	196	2	93
17340	292	2007	2006	2205	1	199	3	93
17340	293	2005	2004	2202	1	198	2	93
17340	294	2005	2006	2202	-1	196	2	93
17340	295	2004	2005	2201	-1	196	2	93
17340	296	2007	2006	2205	1	199	3	93
17340	297	2005	2005	2201	0	196	2	93
17340	298	2005	2005	2203	0	198	2	93
17340	299	2005	2005	2201	0	196	2	93
17340	300	2007	2006	2205	1	199	3	93
