ITERNUM	METIME	PRTIME	TPRTIME	DIFF	TDIFF	NRPROCS	NPROCS
1	16416477	16415804	16416676	672	872	11	99
2	16417155	16415771	16417351	1383	1580	10	100
3	16416714	16415844	16416914	869	1070	12	101
4	16416605	16415782	16416802	822	1020	20	118
5	16416676	16415824	16416876	851	1052	10	99
6	16416656	16415843	16416852	812	1009	12	100
7	16416659	16415810	16416861	848	1051	8	99
8	16416465	16415773	16416663	691	890	11	101
9	16416817	16415800	16417016	1016	1216	18	118
10	16441696	16415920	16441898	25775	25978	12	100
11	16416483	16415812	16416682	670	870	9	99
12	16416628	16415759	16416824	868	1065	10	99
13	16416605	16415802	16416799	802	997	13	102
14	16416846	16415816	16417035	1029	1219	19	118
15	16416464	16415790	16416666	673	876	11	99
16	16442950	16415964	16443149	26985	27185	11	99
17	16417209	16415810	16417404	1398	1594	12	100
18	16416454	16415757	16416652	696	895	10	99
19	16416683	16415808	16416880	874	1072	13	101
20	16416790	16415803	16416981	986	1178	20	119
21	16416671	16415813	16416873	857	1060	10	99
22	16416461	16415779	16416659	681	880	10	99
23	16417195	16415770	16417388	1424	1618	17	109
24	16416633	16415769	16416831	863	1062	12	101
25	16416606	16415765	16416801	840	1036	18	118
26	16416644	16415777	16416841	866	1064	11	99
27	16416557	16415771	16416756	785	985	11	100
28	16417196	16415809	16417397	1386	1588	11	100
29	16416714	16415842	16416910	871	1068	11	101
30	16416661	16415827	16416855	833	1028	19	118
31	16416653	16415794	16416851	858	1057	10	99
32	16416508	16415836	16416711	671	875	10	99
33	16416712	16415843	16416909	868	1066	10	99
34	16417359	16415855	16417557	1503	1702	12	101
35	16416651	16415820	16416847	830	1027	21	120
36	16416654	16415790	16416850	863	1060	11	99
37	16416507	16415825	16416708	681	883	10	99
38	16416657	16415794	16416853	862	1059	9	99
39	16416489	16415815	16416690	673	875	10	99
40	16416691	16415832	16416893	858	1061	12	101
41	16675429	16422105	16675616	253323	253511	14	101
42	16674949	16422202	16675124	252746	252922	15	101
43	16675858	16422204	16676035	253653	253831	16	102
44	16676026	16422098	16676193	253927	254095	17	103
45	16675048	16422224	16675214	252823	252990	26	121
46	16675285	16422079	16675453	253205	253374	16	101
47	16675411	16422097	16675577	253313	253480	17	101
48	16675105	16422136	16675277	252968	253141	14	101
49	16675801	16422169	16675974	253631	253805	16	103
50	16675954	16422237	16676117	253716	253880	25	121
51	16677670	16422120	16677839	255549	255719	16	102
52	16675315	16422178	16675484	253136	253306	17	101
53	16675535	16422170	16675699	253364	253529	17	102
54	16675681	16422124	16675854	253556	253730	16	103
55	16675068	16422168	16675240	252899	253072	24	120
56	16675532	16422126	16675699	253405	253573	15	101
57	16675436	16422153	16675604	253282	253451	15	101
58	16675268	16422210	16675440	253057	253230	16	102
59	16674777	16422161	16674941	252615	252780	17	103
60	16675382	16422144	16675551	253237	253407	25	120
61	16675801	16422219	16675966	253581	253747	17	102
62	16675419	16422140	16675588	253278	253448	14	101
63	16675213	16422167	16675389	253045	253222	15	101
64	16675341	16422125	16675508	253215	253383	16	102
65	16676370	16422103	16676533	254266	254430	24	122
66	16675222	16422133	16675387	253088	253254	14	101
67	16706688	16422342	16706849	284345	284507	16	102
68	16675361	16422163	16675526	253197	253363	15	101
69	16674995	16422171	16675169	252823	252998	14	101
70	16676155	16422125	16676314	254029	254189	26	123
71	16675342	16422150	16675518	253191	253368	17	101
72	16676346	16422137	16676518	254208	254381	15	102
73	16675302	16422182	16675479	253119	253297	14	101
74	16675304	16422154	16675475	253149	253321	16	101
75	16675325	16422075	16675654	253249	253579	17	103
76	16675019	16422222	16675198	252796	252976	23	120
77	16675577	16422179	16675742	253397	253563	15	102
78	16675596	16422138	16675763	253457	253625	15	101
79	16675463	16422233	16675626	253229	253393	15	102
80	16675189	16422153	16675362	253035	253209	16	103
81	16675516	16422136	16675689	253379	253553	22	120
82	16675077	16422216	16675241	252860	253025	14	101
83	16676470	16422135	16676630	254334	254495	19	103
84	16674762	16422209	16674932	252552	252723	15	101
85	16675513	16422163	16675677	253349	253514	17	103
86	16675561	16422150	16675732	253410	253582	23	120
87	16675006	16422161	16675177	252844	253016	16	101
88	16675368	16422148	16675534	253219	253386	14	101
89	16676191	16422131	16676361	254059	254230	16	103
90	16674981	16422257	16675157	252723	252900	17	103
91	16675523	16422150	16675683	253372	253533	23	120
92	16675006	16422157	16675182	252848	253025	14	101
93	16674902	16422117	16675087	252784	252970	14	101
94	16675671	16422190	16675837	253480	253647	15	101
95	16674786	16422213	16674939	252572	252726	15	101
96	16676377	16422188	16676545	254188	254357	27	124
97	16675829	16422187	16676000	253641	253813	14	101
98	16674417	16422154	16674588	252262	252434	15	101
99	16675543	16422152	16675724	253390	253572	16	101
100	16674853	16422138	16675022	252714	252884	14	101
101	16676085	16422181	16676257	253903	254076	27	122
102	16676010	16422133	16676178	253876	254045	17	103
103	16674775	16422162	16674941	252612	252779	14	101
104	16675360	16422165	16675536	253194	253371	16	101
105	16675323	16422189	16675497	253133	253308	15	101
106	16675041	16422192	16675360	252848	253168	17	103
107	16676481	16422152	16676656	254328	254504	25	121
108	16705946	16422389	16706111	283556	283722	17	102
109	16675132	16422190	16675301	252941	253111	15	101
110	16675777	16422176	16675940	253600	253764	15	101
111	16674493	16422147	16674657	252345	252510	17	103
112	16675843	16422196	16676011	253646	253815	23	120
113	16674707	16422092	16674872	252614	252780	17	101
114	16675362	16422200	16675528	253161	253328	15	101
115	16676367	16422139	16676532	254227	254393	17	103
116	16674576	16422193	16674750	252382	252557	17	103
117	16675681	16422155	16675847	253525	253692	21	120
118	16674874	16422028	16675050	252845	253022	15	101
119	16705758	16422287	16705934	283470	283647	14	101
120	16675301	16422118	16675473	253182	253355	14	101
121	16675712	16422168	16675878	253543	253710	17	103
122	16675623	16422147	16675791	253475	253644	23	122
123	16675380	16422172	16675551	253207	253379	14	101
124	16675117	16422260	16675289	252856	253029	15	101
125	16675495	16422105	16675664	253389	253559	15	101
126	16675020	16422215	16675192	252804	252977	16	101
127	16676241	16422190	16676401	254050	254211	28	124
128	16675002	16422113	16675173	252888	253060	15	101
129	16675258	16422146	16675429	253111	253283	15	101
130	16675459	16422124	16675633	253334	253509	16	101
131	16675016	16422191	16675191	252824	253000	14	101
132	16676148	16422159	16676312	253988	254153	18	104
133	16674912	16422231	16675085	252680	252854	24	120
134	16675524	16422171	16675685	253352	253514	17	102
135	16674937	16422139	16675103	252797	252964	15	101
136	16675596	16422129	16675760	253466	253631	15	101
137	16676023	16422156	16676184	253866	254028	17	104
138	16675160	16422136	16675332	253023	253196	25	120
139	16705851	16422258	16706017	283592	283759	14	101
140	16675481	16422136	16675647	253344	253511	15	102
141	16675521	16422182	16675705	253338	253523	15	101
142	16675144	16422171	16675315	252972	253144	16	103
143	16675484	16422150	16675649	253333	253499	24	120
144	16675283	16422158	16675445	253124	253287	14	101
145	16675150	16422233	16675324	252916	253091	14	101
146	16676300	16422172	16676455	254127	254283	16	103
147	16675207	16422114	16675382	253092	253268	17	103
148	16675155	16422126	16675325	253028	253199	23	120
149	16675595	16422133	16675760	253461	253627	17	102
150	16706403	16422364	16706581	284038	284217	18	101
151	16674921	16422173	16675093	252747	252920	16	101
152	16676243	16422070	16676404	254172	254334	14	102
153	16675176	16422149	16675352	253026	253203	25	122
154	16675170	16422179	16675339	252990	253160	15	101
155	16705041	16422289	16705207	282751	282918	16	102
156	16677295	16422115	16677465	255179	255350	14	101
157	16675011	16422163	16675188	252847	253025	15	101
158	16675568	16422160	16675744	253407	253584	23	121
159	16676014	16422214	16676170	253799	253956	18	103
160	16675016	16422217	16675185	252798	252968	15	101
161	16675741	16422191	16675912	253549	253721	15	102
162	16675210	16422029	16675379	253180	253350	15	101
163	16674990	16422217	16675153	252772	252936	15	103
164	16675502	16422167	16675672	253334	253505	26	120
165	16675608	16422173	16675784	253434	253611	17	102
166	16674772	16422147	16674943	252624	252796	16	101
167	16675433	16422127	16675601	253305	253474	14	101
168	16675351	16422166	16675529	253184	253363	16	103
169	16675264	16422117	16675427	253146	253310	22	120
170	16676088	16422185	16676263	253902	254078	16	102
171	16675637	16422113	16675809	253523	253696	15	101
172	16675301	16422148	16675477	253152	253329	17	102
173	16675300	16422147	16675472	253152	253325	16	103
174	16676595	16422118	16676762	254476	254644	26	121
175	16675182	16422121	16675352	253060	253231	15	101
176	16675380	16422121	16675550	253258	253429	15	101
177	16675126	16422206	16675296	252919	253090	13	101
178	16675404	16422171	16675570	253232	253399	15	102
179	16676298	16422168	16676469	254129	254301	26	123
180	16675327	16422147	16675495	253179	253348	15	102
181	16675135	16422129	16675299	253005	253170	16	101
182	16675402	16422217	16675567	253184	253350	14	101
183	16675160	16422110	16675342	253049	253232	15	101
184	16675914	16422118	16676074	253795	253956	27	123
185	16705102	16422285	16705255	282816	282970	16	102
186	16675816	16422099	16675991	253716	253892	15	101
187	16674793	16422192	16674965	252600	252773	14	101
188	16675081	16422141	16675250	252939	253109	15	101
189	16675632	16422155	16675805	253476	253650	16	103
190	16675204	16422196	16675371	253007	253175	24	121
191	16675748	16422124	16675914	253623	253790	15	101
192	16676024	16422094	16676195	253929	254101	16	102
193	16674553	16422187	16674729	252365	252542	16	101
194	16675540	16422190	16675705	253349	253515	17	103
195	16675088	16422100	16675255	252987	253155	23	120
196	16675204	16422138	16675367	253065	253229	16	101
197	16675346	16422109	16675515	253236	253406	14	102
198	16675209	16422196	16675382	253012	253186	16	101
199	16675765	16422085	16675933	253679	253848	16	104
200	16675618	16422148	16675780	253469	253632	25	120
201	16675110	16422250	16675282	252859	253032	15	101
202	16675079	16422108	16675252	252970	253144	15	101
203	16675500	16422155	16675665	253344	253510	15	102
204	16674949	16422141	16675104	252807	252963	17	103
205	16675980	16422151	16676145	253828	253994	22	120
206	16674846	16422178	16675017	252667	252839	14	101
207	16675569	16422165	16675738	253403	253573	14	101
208	16675456	16422081	16675628	253374	253547	15	101
209	16675577	16422193	16675750	253383	253557	18	103
210	16676509	16422080	16676676	254428	254596	24	122
211	16675259	16422088	16675435	253170	253347	14	102
212	16675457	16422140	16675629	253316	253489	15	101
213	16675576	16422175	16675741	253400	253566	15	101
214	16675055	16422140	16675227	252914	253087	14	101
215	16675991	16422141	16676146	253849	254005	27	122
216	16675849	16422119	16676014	253729	253895	19	103
217	16674881	16422207	16675051	252673	252844	14	101
218	16675424	16422115	16675595	253308	253480	15	101
219	16675452	16422202	16675618	253249	253416	16	101
220	16675266	16422152	16675441	253113	253289	16	103
221	16675441	16422102	16675612	253338	253510	23	120
222	16675104	16422174	16675267	252929	253093	15	102
223	16675959	16422140	16676121	253818	253981	15	102
224	16675417	16422070	16675578	253346	253508	15	101
225	16674663	16422215	16674829	252447	252614	16	103
226	16675346	16422133	16675517	253212	253384	23	120
227	16675584	16422109	16675753	253474	253644	15	101
228	16675229	16422191	16675398	253037	253207	17	102
229	16675176	16422124	16675354	253051	253230	14	101
230	16675201	16422203	16675370	252997	253167	16	103
231	16675447	16422191	16675610	253255	253419	25	120
232	16675963	16422180	16676131	253782	253951	16	102
233	16675284	16422222	16675456	253061	253234	15	101
234	16675079	16422102	16675242	252976	253140	15	101
235	16675828	16422124	16675996	253703	253872	18	104
236	16675036	16422191	16675193	252844	253002	23	120
237	16675827	16422129	16676001	253697	253872	16	102
238	16675544	16422193	16675706	253350	253513	14	101
239	16674880	16422187	16675049	252692	252862	16	101
240	16675675	16422149	16675842	253525	253693	15	101
241	16675004	16422193	16675164	252810	252971	27	123
242	16676432	16422071	16676601	254360	254530	16	103
243	16675022	16422186	16675191	252835	253005	15	101
244	16675756	16422136	16675923	253619	253787	15	101
245	16674956	16422103	16675140	252852	253037	17	101
246	16675321	16422101	16675487	253219	253386	18	103
247	16675541	16422129	16675707	253411	253578	26	121
248	16675107	16422073	16675279	253033	253206	17	101
249	16676075	16422072	16676238	254002	254166	14	101
250	16674998	16422163	16675171	252834	253008	16	101
251	16676124	16422150	16676287	253973	254137	17	104
252	16675165	16422208	16675333	252956	253125	22	120
253	16675346	16422112	16675515	253233	253403	14	101
254	16675560	16422120	16675729	253439	253609	16	102
255	16675640	16422049	16675805	253590	253756	15	101
256	16675669	16422099	16675825	253569	253726	15	103
257	16676061	16422221	16676221	253839	254000	24	121
258	16675485	16422125	16675651	253359	253526	14	101
259	16674882	16422090	16675045	252791	252955	14	101
260	16675936	16422135	16676097	253800	253962	16	102
261	16675204	16422161	16675366	253042	253205	17	103
262	16675853	16422048	16676016	253804	253968	25	120
263	16675284	16422095	16675446	253188	253351	14	101
264	16677928	16422149	16678095	255778	255946	15	102
265	16675345	16422089	16675512	253255	253423	15	101
266	16675485	16422192	16675657	253292	253465	15	102
267	16675741	16422113	16675901	253627	253788	27	122
268	16675189	16422220	16675358	252968	253138	14	101
269	16706849	16422282	16707015	284566	284733	14	101
270	16674913	16422162	16675086	252750	252924	15	101
271	16676304	16422141	16676472	254162	254331	15	101
272	16674620	16422190	16674793	252429	252603	26	121
273	16676084	16422157	16676249	253926	254092	18	104
274	16675225	16422101	16675389	253123	253288	16	101
275	16675566	16422122	16675731	253443	253609	14	101
276	16675279	16422110	16675435	253168	253325	14	101
277	16675322	16422066	16675483	253255	253417	16	103
278	16675628	16422065	16675959	253562	253894	23	120
279	16674842	16422124	16675007	252717	252883	15	102
280	16675637	16422117	16675797	253519	253680	16	101
281	16675425	16422152	16675592	253272	253440	17	102
282	16675585	16422048	16675751	253536	253703	19	103
283	16675064	16422162	16675220	252901	253058	24	120
284	16675568	16422058	16675737	253509	253679	15	101
285	16675029	16422163	16675199	252865	253036	15	102
286	16675820	16422051	16675997	253768	253946	15	101
287	16674916	16422136	16675090	252779	252954	15	103
288	16676113	16422073	16676269	254039	254196	25	121
289	16675436	16422089	16675615	253346	253526	16	101
290	16675761	16422106	16675921	253654	253815	17	101
291	16675385	16422111	16675556	253273	253445	16	101
292	16675925	16422099	16676099	253825	254000	17	104
293	16675398	16422165	16675567	253232	253402	22	120
294	16675080	16422197	16675236	252882	253039	16	101
295	16676104	16422085	16676267	254018	254182	16	102
296	16674918	16422180	16675084	252737	252904	14	101
297	16674987	16422102	16675155	252884	253053	16	101
298	16675537	16422101	16675702	253435	253601	27	123
299	16675675	16422153	16675845	253521	253692	15	101
300	16675040	16422183	16675204	252856	253021	16	101
