ITERNUM	METIME	PRTIME	TPRTIME	DIFF	TDIFF	NRPROCS	NPROCS
1	16190	16037	16398	153	361	3	98
2	16340	16042	16546	298	504	4	98
3	16334	16034	16540	300	506	5	98
4	16187	16036	16397	151	361	4	98
5	16354	16041	16564	313	523	4	98
6	16342	16039	16548	303	509	4	98
7	16181	16034	16389	147	355	3	98
8	16348	16043	16554	305	511	4	98
9	16337	16040	16545	297	505	4	98
10	16189	16037	16399	152	362	3	98
11	16352	16034	16558	318	524	4	98
12	16345	16039	16553	306	514	4	98
13	16190	16037	16398	153	361	3	98
14	16345	16040	16553	305	513	5	98
15	16342	16035	16550	307	515	5	98
16	16183	16037	16391	146	354	3	98
17	16346	16041	16555	305	514	4	98
18	16338	16037	16546	301	509	4	98
19	16185	16033	16393	152	360	3	98
20	16342	16039	16548	303	509	4	98
21	16341	16038	16550	303	512	4	98
22	16190	16038	16398	152	360	3	98
23	16347	16036	16557	311	521	4	98
24	16338	16038	16545	300	507	4	98
25	16184	16038	16390	146	352	3	98
26	16350	16038	16558	312	520	5	98
27	16336	16035	16545	301	510	4	98
28	16190	16038	16398	152	360	3	98
29	16339	16040	16547	299	507	4	98
30	16336	16040	16545	296	505	4	98
31	16188	16038	16395	150	357	3	98
32	16347	16034	16557	313	523	4	98
33	16339	16040	16545	299	505	4	98
34	16185	16038	16395	147	357	3	98
35	16341	16039	16549	302	510	4	98
36	16183	16033	16391	150	358	3	98
37	16191	16039	16397	152	358	4	98
38	16337	16037	16545	300	508	5	98
39	16190	16037	16398	153	361	3	98
40	16337	16041	16542	296	501	4	98
41	16337	16033	16545	304	512	4	98
42	16187	16037	16397	150	360	3	98
43	16339	16039	16547	300	508	4	98
44	16344	16038	16553	306	515	5	98
45	16190	16035	16397	155	362	3	98
46	16343	16039	16552	304	513	4	98
47	16352	16037	16560	315	523	4	98
48	16189	16036	16398	153	362	3	98
49	16353	16040	16560	313	520	4	98
50	16346	16034	16555	312	521	4	98
51	16186	16037	16394	149	357	3	98
52	16340	16038	16547	302	509	4	98
53	16340	16037	16550	303	513	4	98
54	16199	16037	16406	162	369	3	98
55	16338	16036	16546	302	510	4	98
56	16341	16040	16547	301	507	4	98
57	16192	16038	16401	154	363	3	98
58	16344	16040	16551	304	511	4	98
59	16350	16037	16558	313	521	4	98
60	16187	16032	16395	155	363	3	98
61	16347	16041	16555	306	514	4	98
62	16336	16037	16543	299	506	4	98
63	16187	16038	16396	149	358	3	98
64	16343	16040	16552	303	512	4	98
65	16331	16035	16541	296	506	4	98
66	16191	16037	16398	154	361	3	98
67	16355	16040	16563	315	523	4	98
68	16351	16038	16559	313	521	4	98
69	16187	16037	16395	150	358	3	98
70	16334	16035	16540	299	505	4	98
71	16350	16038	16558	312	520	4	98
72	16189	16038	16396	151	358	3	98
73	16337	16038	16545	299	507	4	98
74	16185	16036	16393	149	357	4	98
75	16198	16036	16404	162	368	4	98
76	16338	16035	16544	303	509	4	98
77	16190	16038	16396	152	358	3	98
78	16352	16039	16557	313	518	4	98
79	16338	16040	16546	298	506	4	98
80	16184	16037	16394	147	357	3	98
81	16339	16035	16547	304	512	4	98
82	16343	16037	16551	306	514	4	98
83	16185	16037	16393	148	356	3	98
84	16343	16042	16552	301	510	4	98
85	16354	16038	16564	316	526	4	98
86	16191	16037	16399	154	362	4	98
87	16348	16035	16554	313	519	4	98
88	16336	16039	16543	297	504	4	98
89	16191	16037	16398	154	361	3	98
90	16341	16042	16547	299	505	4	98
91	16342	16038	16552	304	514	4	98
92	16193	16039	16400	154	361	3	98
93	16338	16036	16548	302	512	4	98
94	16337	16039	16545	298	506	4	98
95	16187	16037	16397	150	360	3	98
96	16344	16039	16553	305	514	4	98
97	16343	16040	16551	303	511	4	98
98	16190	16037	16398	153	361	3	98
99	16337	16037	16543	300	506	4	98
100	16341	16037	16548	304	511	4	98
101	16184	16037	16392	147	355	3	98
102	16350	16039	16560	311	521	4	98
103	16342	16039	16549	303	510	4	98
104	16193	16038	16399	155	361	3	98
105	16342	16036	16549	306	513	4	98
106	16345	16038	16555	307	517	5	98
107	16199	16039	16405	160	366	3	98
108	16342	16038	16550	304	512	4	98
109	16335	16037	16545	298	508	4	98
110	16199	16038	16405	161	367	3	98
111	16340	16035	16550	305	515	4	98
112	16336	16039	16544	297	505	4	98
113	16199	16038	16408	161	370	4	98
114	16344	16039	16551	305	512	4	98
115	16188	16036	16396	152	360	3	98
116	16189	16037	16397	152	360	3	98
117	16347	16040	16555	307	515	4	98
118	16184	16031	16392	153	361	3	98
119	16354	16039	16560	315	521	5	98
120	16344	16038	16552	306	514	5	98
121	16190	16037	16396	153	359	3	98
122	16345	16039	16553	306	514	4	98
123	16349	16037	16559	312	522	4	98
124	16190	16038	16398	152	360	3	98
125	16333	16033	16540	300	507	4	98
126	16344	16039	16552	305	513	4	98
127	16191	16039	16399	152	360	3	98
128	16333	16038	16539	295	501	4	98
129	16343	16038	16550	305	512	5	98
130	16199	16037	16405	162	368	3	98
131	16350	16038	16559	312	521	4	98
132	16345	16039	16553	306	514	4	98
133	16184	16034	16393	150	359	3	98
134	16345	16040	16553	305	513	4	98
135	16346	16040	16554	306	514	4	98
136	16189	16036	16396	153	360	3	98
137	16343	16040	16551	303	511	4	98
138	16341	16037	16547	304	510	4	98
139	16198	16039	16404	159	365	3	98
140	16344	16040	16553	304	513	5	98
141	16338	16036	16546	302	510	4	98
142	16190	16040	16398	150	358	3	98
143	16351	16036	16557	315	521	4	98
144	16338	16037	16545	301	508	4	98
145	16189	16035	16399	154	364	5	98
146	16335	16036	16543	299	507	4	98
147	16342	16038	16550	304	512	4	98
148	16187	16038	16420	149	382	5	99
149	16342	16039	16547	303	508	4	98
150	16344	16039	16553	305	514	4	98
151	16188	16033	16397	155	364	3	98
152	16359	16040	16565	319	525	4	98
153	16196	16039	16412	157	373	3	98
154	16186	16035	16392	151	357	3	98
155	16341	16040	16551	301	511	4	98
156	16191	16036	16397	155	361	3	98
157	16184	16036	16394	148	358	4	98
158	16343	16039	16549	304	510	4	98
159	16193	16039	16399	154	360	3	98
160	16340	16038	16549	302	511	4	98
161	16350	16037	16558	313	521	4	98
162	16190	16039	16396	151	357	3	98
163	16338	16037	16543	301	506	4	98
164	16337	16038	16543	299	505	4	98
165	16192	16039	16400	153	361	3	98
166	16346	16040	16554	306	514	4	98
167	16341	16039	16548	302	509	4	98
168	16192	16038	16400	154	362	3	98
169	16338	16036	16547	302	511	4	98
170	16352	16038	16562	314	524	4	98
171	16185	16037	16393	148	356	3	98
172	16337	16038	16546	299	508	4	98
173	16344	16041	16552	303	511	4	98
174	16185	16035	16391	150	356	3	98
175	16346	16041	16553	305	512	4	98
176	16334	16038	16542	296	504	4	98
177	16185	16036	16391	149	355	3	98
178	16338	16039	16548	299	509	5	98
179	16338	16036	16548	302	512	4	98
180	16192	16038	16401	154	363	3	98
181	16341	16037	16550	304	513	4	98
182	16333	16036	16542	297	506	4	98
183	16188	16037	16394	151	357	3	98
184	16342	16037	16552	305	515	4	98
185	16345	16041	16555	304	514	4	98
186	16187	16036	16393	151	357	3	98
187	16345	16039	16554	306	515	4	98
188	16347	16037	16556	310	519	4	98
189	16192	16038	16398	154	360	3	98
190	16340	16035	16548	305	513	4	98
191	16334	16038	16540	296	502	4	98
192	16190	16037	16398	153	361	4	98
193	16337	16037	16543	300	506	4	98
194	16190	16038	16400	152	362	3	98
195	16193	16035	16398	158	363	3	98
196	16337	16039	16544	298	505	5	98
197	16196	16036	16406	160	370	3	98
198	16345	16040	16554	305	514	4	98
199	16333	16037	16541	296	504	4	98
200	16199	16037	16408	162	371	3	98
201	16335	16038	16541	297	503	4	98
202	16344	16038	16552	306	514	5	98
203	16186	16034	16394	152	360	3	98
204	16345	16040	16552	305	512	5	98
205	16336	16037	16543	299	506	4	98
206	16199	16037	16404	162	367	3	98
207	16347	16037	16564	310	527	6	99
208	16344	16041	16550	303	509	4	98
209	16187	16033	16393	154	360	3	98
210	16340	16041	16546	299	505	4	98
211	16350	16036	16559	314	523	4	98
212	16188	16037	16395	151	358	3	98
213	16338	16036	16545	302	509	4	98
214	16341	16039	16549	302	510	4	98
215	16199	16036	16407	163	371	3	98
216	16345	16039	16552	306	513	4	98
217	16338	16040	16546	298	506	4	98
218	16190	16035	16398	155	363	3	98
219	16346	16043	16552	303	509	4	98
220	16341	16036	16549	305	513	4	98
221	16190	16038	16398	152	360	3	98
222	16344	16037	16551	307	514	4	98
223	16347	16039	16555	308	516	4	98
224	16188	16034	16397	154	363	3	98
225	16352	16040	16562	312	522	4	98
226	16351	16037	16561	314	524	4	98
227	16187	16036	16393	151	357	3	98
228	16343	16041	16549	302	508	4	98
229	16339	16034	16548	305	514	4	98
230	16197	16038	16405	159	367	3	98
231	16344	16036	16549	308	513	4	98
232	16336	16040	16542	296	502	4	98
233	16199	16038	16407	161	369	3	98
234	16342	16036	16548	306	512	4	98
235	16188	16037	16398	151	361	3	98
236	16187	16035	16395	152	360	3	98
237	16350	16039	16560	311	521	4	98
238	16189	16038	16395	151	357	3	98
239	16188	16037	16549	151	512	4	98
240	16346	16039	16554	307	515	4	98
241	16197	16034	16403	163	369	3	98
242	16347	16042	16553	305	511	4	98
243	16348	16038	16556	310	518	4	98
244	16196	16036	16404	160	368	4	98
245	16343	16040	16553	303	513	4	98
246	16339	16035	16547	304	512	4	98
247	16192	16039	16400	153	361	3	98
248	16343	16040	16550	303	510	4	98
249	16337	16036	16546	301	510	4	98
250	16188	16037	16396	151	359	3	98
251	16342	16038	16548	304	510	4	98
252	16341	16039	16549	302	510	4	98
253	16189	16035	16399	154	364	4	98
254	16342	16037	16550	305	513	4	98
255	16344	16040	16552	304	512	4	98
256	16196	16037	16402	159	365	3	98
257	16338	16039	16545	299	506	4	98
258	16347	16038	16556	309	518	4	98
259	16187	16035	16395	152	360	3	98
260	16342	16039	16548	303	509	4	98
261	16343	16039	16548	304	509	4	98
262	16185	16034	16391	151	357	3	98
263	16352	16039	16560	313	521	4	98
264	16342	16041	16551	301	510	4	98
265	16186	16034	16393	152	359	3	98
266	16346	16039	16558	307	519	6	99
267	16346	16039	16554	307	515	4	98
268	16191	16037	16397	154	360	3	98
269	16344	16040	16552	304	512	4	98
270	16345	16037	16553	308	516	4	98
271	16190	16039	16397	151	358	4	98
272	16342	16038	16551	304	513	4	98
273	16339	16034	16549	305	515	4	98
274	16190	16038	16398	152	360	3	98
275	16345	16040	16551	305	511	4	98
276	16185	16033	16393	152	360	4	98
277	16200	16037	16406	163	369	3	98
278	16342	16038	16549	304	511	4	98
279	16193	16034	16402	159	368	3	98
280	16191	16038	16554	153	516	4	98
281	16345	16041	16553	304	512	4	98
282	16189	16034	16397	155	363	3	98
283	16350	16038	16560	312	522	4	98
284	16343	16039	16553	304	514	4	98
285	16193	16034	16401	159	367	3	98
286	16341	16039	16548	302	509	4	98
287	16341	16037	16551	304	514	4	98
288	16189	16036	16399	153	363	3	98
289	16342	16038	16550	304	512	4	98
290	16338	16038	16548	300	510	4	98
291	16190	16037	16398	153	361	3	98
292	16342	16037	16548	305	511	4	98
293	16345	16038	16551	307	513	4	98
294	16187	16039	16393	148	354	3	98
295	16353	16037	16561	316	524	4	98
296	16342	16039	16548	303	509	4	98
297	16198	16038	16406	160	368	3	98
298	16342	16034	16549	308	515	4	98
299	16344	16040	16552	304	512	5	98
300	16191	16038	16397	153	359	3	98
301	16346	16039	16554	307	515	4	98
302	16337	16039	16545	298	506	4	98
303	16190	16039	16396	151	357	3	98
304	16339	16040	16549	299	509	4	98
305	16338	16034	16547	304	513	4	98
306	16187	16037	16395	150	358	3	98
307	16350	16040	16557	310	517	4	98
308	16341	16036	16547	305	511	4	98
309	16190	16039	16398	151	359	3	98
310	16345	16039	16553	306	514	4	98
311	16345	16040	16551	305	511	4	98
312	16188	16036	16396	152	360	3	98
313	16354	16040	16563	314	523	4	98
314	16190	16038	16398	152	360	3	98
315	16193	16035	16401	158	366	3	98
316	16344	16040	16552	304	512	4	98
317	16191	16037	16399	154	362	3	98
318	16237	16035	16556	202	521	4	98
319	16346	16041	16555	305	514	4	98
320	16189	16036	16399	153	363	3	98
321	16343	16037	16550	306	513	4	98
322	16339	16040	16547	299	507	4	98
323	16189	16036	16399	153	363	3	98
324	16344	16040	16552	304	512	4	98
325	16340	16036	16560	304	524	6	99
326	16187	16039	16395	148	356	3	98
327	16346	16039	16554	307	515	4	98
328	16339	16034	16547	305	513	4	98
329	16191	16037	16399	154	362	3	98
330	16344	16040	16550	304	510	4	98
331	16349	16035	16555	314	520	5	98
332	16192	16038	16398	154	360	3	98
333	16344	16040	16552	304	512	4	98
334	16338	16041	16546	297	505	4	98
335	16186	16033	16392	153	359	3	98
336	16346	16041	16552	305	511	4	98
337	16343	16038	16551	305	513	4	98
338	16187	16035	16393	152	358	4	98
339	16353	16041	16561	312	520	4	98
340	16344	16041	16550	303	509	4	98
341	16197	16037	16405	160	368	3	98
342	16340	16037	16548	303	511	4	98
343	16348	16040	16556	308	516	4	98
344	16188	16038	16398	150	360	3	98
345	16342	16036	16547	306	511	4	98
346	16334	16039	16541	295	502	4	98
347	16189	16038	16395	151	357	3	98
348	16346	16040	16554	306	514	4	98
349	16332	16034	16541	298	507	4	98
350	16190	16039	16396	151	357	3	98
351	16344	16039	16552	305	513	4	98
352	16188	16036	16396	152	360	4	98
353	16186	16034	16394	152	360	3	98
354	16342	16038	16556	304	518	6	99
355	16196	16037	16402	159	365	3	98
356	16344	16040	16554	304	514	4	98
357	16340	16035	16548	305	513	4	98
358	16184	16036	16391	148	355	3	98
359	16343	16041	16549	302	508	4	98
360	16344	16040	16550	304	510	4	98
361	16188	16033	16397	155	364	3	98
362	16346	16041	16554	305	513	4	98
363	16342	16036	16548	306	512	5	98
364	16195	16035	16405	160	370	3	98
365	16338	16039	16545	299	506	4	98
366	16344	16039	16550	305	511	4	98
367	16199	16037	16407	162	370	3	98
368	16342	16037	16550	305	513	4	98
369	16341	16036	16550	305	514	4	98
370	16192	16038	16400	154	362	3	98
371	16340	16039	16549	301	510	4	98
372	16351	16036	16559	315	523	4	98
373	16189	16036	16396	153	360	3	98
374	16349	16037	16555	312	518	4	98
375	16343	16039	16553	304	514	4	98
376	16188	16038	16396	150	358	3	98
377	16352	16036	16560	316	524	4	98
378	16342	16039	16551	303	512	4	98
379	16188	16036	16396	152	360	3	98
380	16345	16039	16551	306	512	4	98
381	16347	16035	16555	312	520	4	98
382	16189	16036	16396	153	360	3	98
383	16343	16040	16550	303	510	4	98
384	16345	16038	16555	307	517	4	98
385	16179	16034	16389	145	355	3	98
386	16337	16041	16543	296	502	4	98
387	16302	16038	16547	264	509	4	98
388	16191	16039	16398	152	359	3	98
389	16339	16033	16549	306	516	4	98
390	16190	16036	16400	154	364	3	98
391	16189	16039	16398	150	359	3	98
392	16346	16039	16552	307	513	4	98
393	16189	16037	16398	152	361	3	98
394	16345	16037	16553	308	516	5	98
395	16346	16039	16554	307	515	5	98
396	16192	16038	16400	154	362	3	98
397	16344	16041	16552	303	511	4	98
398	16357	16033	16565	324	532	4	98
399	16195	16037	16403	158	366	3	98
400	16342	16039	16550	303	511	4	98
401	16342	16038	16551	304	513	4	98
402	16181	16034	16389	147	355	3	98
403	16335	16038	16544	297	506	4	98
404	16343	16038	16551	305	513	4	98
405	16190	16037	16398	153	361	3	98
406	16343	16040	16549	303	509	4	98
407	16339	16034	16546	305	512	4	98
408	16191	16038	16397	153	359	3	98
409	16345	16041	16553	304	512	4	98
410	16344	16040	16552	304	512	4	98
411	16192	16037	16400	155	363	3	98
412	16334	16038	16539	296	501	4	98
413	16337	16040	16547	297	507	4	98
414	16190	16037	16398	153	361	3	98
415	16344	16039	16554	305	515	4	98
416	16351	16038	16560	313	522	4	98
417	16184	16032	16394	152	362	3	98
418	16342	16039	16549	303	510	4	98
419	16343	16039	16551	304	512	4	98
420	16190	16039	16397	151	358	3	98
421	16342	16039	16551	303	512	4	98
422	16347	16037	16557	310	520	4	98
423	16188	16036	16396	152	360	4	98
424	16340	16037	16549	303	512	4	98
425	16342	16038	16550	304	512	4	98
426	16193	16038	16399	155	361	3	98
427	16344	16039	16550	305	511	4	98
428	16354	16035	16560	319	525	4	98
429	16190	16038	16398	152	360	3	98
430	16336	16039	16544	297	505	4	98
431	16188	16035	16398	153	363	4	98
432	16192	16037	16399	155	362	3	98
433	16338	16035	16543	303	508	4	98
434	16190	16037	16397	153	360	3	98
435	16349	16038	16557	311	519	4	98
436	16342	16038	16550	304	512	4	98
437	16187	16036	16395	151	359	3	98
438	16339	16038	16549	301	511	4	98
439	16339	16038	16548	301	510	4	98
440	16185	16037	16394	148	357	3	98
441	16341	16039	16551	302	512	4	98
442	16340	16038	16548	302	510	4	98
443	16189	16035	16397	154	362	3	98
444	16940	16044	17143	896	1099	6	99
445	16345	16041	16553	304	512	4	98
446	16187	16037	16395	150	358	3	98
447	16349	16038	16559	311	521	4	98
448	16338	16038	16545	300	507	4	98
449	16191	16037	16397	154	360	3	98
450	16345	16040	16551	305	511	4	98
451	16344	16038	16550	306	512	4	98
452	16191	16037	16398	154	361	3	98
453	16343	16036	16549	307	513	4	98
454	16339	16037	16549	302	512	4	98
455	16190	16036	16399	154	363	3	98
456	16344	16040	16554	304	514	4	98
457	16340	16037	16550	303	513	4	98
458	16191	16038	16400	153	362	3	98
459	16341	16038	16551	303	513	4	98
460	16343	16039	16553	304	514	4	98
461	16188	16035	16397	153	362	5	98
462	16341	16034	16549	307	515	5	98
463	16345	16039	16552	306	513	4	98
464	16189	16036	16398	153	362	3	98
465	16352	16039	16561	313	522	4	98
466	16338	16037	16546	301	509	4	98
467	16192	16037	16399	155	362	3	98
468	16343	16036	16553	307	517	5	98
469	16338	16038	16546	300	508	4	98
470	16196	16038	16404	158	366	3	98
471	16343	16038	16553	305	515	4	98
472	16339	16037	16546	302	509	4	98
473	16192	16038	16399	154	361	3	98
474	16345	16040	16551	305	511	4	98
475	16339	16038	16547	301	509	4	98
476	16189	16036	16397	153	361	4	98
477	16337	16039	16545	298	506	4	98
478	16188	16034	16398	154	364	3	98
479	16199	16036	16405	163	369	3	98
480	16344	16040	16552	304	512	4	98
481	16189	16037	16397	152	360	3	98
482	16241	16036	16560	205	524	5	98
483	16341	16039	16549	302	510	4	98
484	16191	16035	16400	156	365	3	98
485	16341	16038	16549	303	511	4	98
486	16346	16038	16554	308	516	4	98
487	16191	16037	16399	154	362	3	98
488	16343	16038	16552	305	514	4	98
489	16344	16038	16551	306	513	4	98
490	16191	16036	16398	155	362	3	98
491	16343	16038	16549	305	511	4	98
492	16339	16038	16545	301	507	4	98
493	16190	16036	16396	154	360	3	98
494	16347	16037	16555	310	518	4	98
495	16341	16040	16549	301	509	4	98
496	16191	16037	16400	154	363	3	98
497	16343	16039	16553	304	514	4	98
498	16345	16039	16553	306	514	4	98
499	16186	16035	16394	151	359	4	98
500	16340	16039	16547	301	508	4	98
501	16338	16039	16546	299	507	4	98
502	16187	16036	16394	151	358	3	98
503	16351	16036	16559	315	523	4	98
504	16343	16035	16551	308	516	4	98
505	16189	16036	16398	153	362	3	98
506	16343	16039	16551	304	512	4	98
507	16342	16039	16548	303	509	4	98
508	16183	16037	16390	146	353	3	98
509	16343	16039	16549	304	510	4	98
510	16343	16038	16552	305	514	4	98
511	16190	16036	16399	154	363	3	98
512	16337	16040	16547	297	507	4	98
513	16341	16038	16549	303	511	4	98
514	16190	16037	16398	153	361	3	98
515	16344	16038	16550	306	512	4	98
516	16189	16038	16400	151	362	3	98
517	16191	16035	16397	156	362	5	98
518	16353	16036	16563	317	527	5	98
519	16188	16034	16396	154	362	4	98
520	16191	16037	16398	154	361	3	98
521	16343	16039	16553	304	514	4	98
522	16190	16036	16398	154	362	3	98
523	16343	16038	16551	305	513	4	98
524	16344	16039	16550	305	511	4	98
525	16190	16037	16398	153	361	3	98
526	16344	16038	16554	306	516	4	98
527	16348	16037	16557	311	520	4	98
528	16187	16037	16395	150	358	3	98
529	16341	16038	16547	303	509	4	98
530	16342	16039	16548	303	509	4	98
531	16189	16036	16399	153	363	3	98
532	16345	16038	16553	307	515	4	98
533	16342	16037	16550	305	513	4	98
534	16189	16035	16398	154	363	3	98
535	16343	16037	16551	306	514	4	98
536	16347	16037	16555	310	518	4	98
537	16189	16037	16398	152	361	3	98
538	16354	16038	16560	316	522	4	98
539	16353	16036	16558	317	522	5	98
540	16190	16036	16396	154	360	3	98
541	16344	16039	16553	305	514	4	98
542	16342	16038	16550	304	512	4	98
543	16189	16036	16397	153	361	3	98
544	16343	16039	16550	304	511	4	98
545	16346	16033	16555	313	522	4	98
546	16187	16037	16397	150	360	3	98
547	16345	16038	16555	307	517	4	98
548	16343	16038	16549	305	511	5	98
549	16190	16037	16398	153	361	3	98
550	16343	16038	16551	305	513	4	98
551	16338	16036	16544	302	508	4	98
552	16196	16037	16402	159	365	3	98
553	16345	16037	16552	308	515	4	98
554	16351	16036	16557	315	521	4	98
555	16189	16039	16397	150	358	3	98
556	16343	16038	16551	305	513	4	98
557	16187	16036	16557	151	521	4	98
558	16189	16037	16397	152	360	3	98
559	16342	16038	16550	304	512	4	98
560	16191	16035	16398	156	363	3	98
561	16193	16039	16399	154	360	3	98
562	16342	16039	16551	303	512	4	98
563	16191	16037	16399	154	362	3	98
564	16345	16041	16551	304	510	4	98
565	16344	16038	16552	306	514	4	98
566	16188	16038	16396	150	358	3	98
567	16339	16039	16547	300	508	4	98
568	16344	16036	16554	308	518	4	98
569	16188	16035	16396	153	361	3	98
570	16345	16040	16552	305	512	4	98
571	16342	16037	16549	305	512	4	98
572	16190	16036	16398	154	362	4	98
573	16352	16041	16559	311	518	5	98
574	16344	16038	16552	306	514	4	98
575	16187	16036	16395	151	359	4	98
576	16339	16040	16545	299	505	4	98
577	16337	16036	16545	301	509	4	98
578	16189	16036	16397	153	361	3	98
579	16351	16039	16561	312	522	4	98
580	16342	16036	16551	306	515	4	98
581	16192	16036	16401	156	365	3	98
582	16342	16039	16548	303	509	4	98
583	16350	16038	16560	312	522	4	98
584	16188	16038	16394	150	356	3	98
585	16347	16037	16554	310	517	4	98
586	16343	16038	16549	305	511	4	98
587	16199	16037	16407	162	370	3	98
588	16336	16039	16542	297	503	4	98
589	16342	16038	16552	304	514	4	98
590	16192	16039	16398	153	359	3	98
591	16343	16039	16549	304	510	4	98
592	16346	16037	16556	309	519	4	98
593	16188	16037	16394	151	357	3	98
594	16339	16040	16546	299	506	4	98
595	16189	16038	16397	151	359	3	98
596	16189	16037	16399	152	362	3	98
597	16342	16040	16549	302	509	4	98
598	16189	16036	16395	153	359	3	98
599	16337	16038	16545	299	507	4	98
600	16342	16036	16550	306	514	4	98
601	16196	16036	16406	160	370	3	98
602	16345	16038	16552	307	514	4	98
603	16349	16036	16559	313	523	5	98
604	16193	16035	16400	158	365	3	98
605	16347	16039	16553	308	514	4	98
606	16346	16040	16555	306	515	4	98
607	16188	16036	16398	152	362	3	98
608	16344	16040	16554	304	514	4	98
609	16341	16037	16551	304	514	4	98
610	16197	16037	16407	160	370	3	98
611	16345	16039	16551	306	512	4	98
612	16345	16039	16553	306	514	4	98
613	16184	16037	16390	147	353	3	98
614	16352	16040	16560	312	520	4	98
615	16343	16038	16551	305	513	4	98
616	16188	16036	16398	152	362	3	98
617	16350	16038	16560	312	522	4	98
618	16343	16036	16551	307	515	5	98
619	16188	16036	16396	152	360	3	98
620	16341	16039	16547	302	508	4	98
621	16342	16037	16549	305	512	5	98
622	16189	16037	16395	152	358	3	98
623	16349	16039	16557	310	518	4	98
624	16349	16037	16559	312	522	4	98
625	16190	16037	16396	153	359	3	98
626	16345	16039	16551	306	512	4	98
627	16346	16037	16554	309	517	4	98
628	16196	16038	16406	158	368	3	98
629	16343	16037	16551	306	514	4	98
630	16337	16039	16546	298	507	4	98
631	16189	16038	16395	151	357	3	98
632	16346	16038	16555	308	517	4	98
633	16189	16037	16397	152	360	3	98
634	16189	16036	16399	153	363	3	98
635	16342	16038	16552	304	514	4	98
636	16186	16032	16394	154	362	5	98
637	16345	16039	16551	306	512	5	98
638	16345	16039	16553	306	514	4	98
639	16185	16038	16391	147	353	3	98
640	16350	16039	16560	311	521	4	98
641	16351	16037	16561	314	524	4	98
642	16197	16036	16405	161	369	3	98
643	16349	16037	16557	312	520	4	98
644	16346	16038	16554	308	516	4	98
645	16188	16037	16397	151	360	3	98
646	16351	16041	16558	310	517	4	98
647	16342	16039	16550	303	511	4	98
648	16193	16035	16399	158	364	4	98
649	16343	16038	16553	305	515	4	98
650	16342	16037	16552	305	515	4	98
651	16188	16033	16397	155	364	3	98
652	16350	16041	16558	309	517	4	98
653	16344	16037	16552	307	515	4	98
654	16188	16037	16396	151	359	3	98
655	16346	16039	16555	307	516	4	98
656	16343	16037	16551	306	514	5	98
657	16193	16038	16399	155	361	3	98
658	16342	16039	16552	303	513	4	98
659	16336	16038	16542	298	504	4	98
660	16188	16036	16396	152	360	3	98
661	16338	16037	16545	301	508	4	98
662	16346	16037	16554	309	517	5	98
663	16188	16036	16398	152	362	3	98
664	16347	16037	16556	310	519	4	98
665	16341	16038	16549	303	511	4	98
666	16191	16037	16398	154	361	3	98
667	16341	16039	16549	302	510	4	98
668	16334	16038	16543	296	505	4	98
669	16186	16035	16394	151	359	3	98
670	16352	16039	16560	313	521	4	98
671	16349	16038	16558	311	520	4	98
672	16189	16039	16395	150	356	3	98
673	16346	16038	16554	308	516	4	98
674	16187	16037	16397	150	360	3	98
675	16186	16037	16394	149	357	3	98
676	16342	16037	16550	305	513	4	98
677	16196	16034	16403	162	369	3	98
678	16341	16040	16550	301	510	4	98
679	16346	16037	16556	309	519	4	98
680	16188	16035	16396	153	361	3	98
681	16339	16038	16545	301	507	4	98
682	16346	16038	16554	308	516	4	98
683	16188	16035	16396	153	361	3	98
684	16349	16038	16557	311	519	4	98
685	16340	16036	16548	304	512	4	98
686	16191	16035	16398	156	363	3	98
687	16341	16039	16549	302	510	4	98
688	16346	16037	16553	309	516	4	98
689	16187	16038	16394	149	356	3	98
690	16465	16038	16672	427	634	7	99
691	16344	16036	16552	308	516	4	98
692	16188	16036	16396	152	360	3	98
693	16350	16038	16560	312	522	5	98
694	16343	16037	16550	306	513	4	98
695	16196	16037	16405	159	368	3	98
696	16341	16039	16549	302	510	4	98
697	16336	16037	16544	299	507	4	98
698	16190	16036	16400	154	364	3	98
699	16351	16040	16557	311	517	4	98
700	16346	16037	16554	309	517	4	98
701	16186	16036	16394	150	358	3	98
702	16347	16040	16553	307	513	4	98
703	16348	16037	16555	311	518	4	98
704	16192	16036	16400	156	364	3	98
705	16340	16039	16548	301	509	4	98
706	16344	16038	16552	306	514	4	98
707	16189	16038	16398	151	360	3	98
708	16348	16037	16558	311	521	4	98
709	16344	16036	16549	308	513	4	98
710	16187	16038	16397	149	359	3	98
711	16346	16038	16552	308	514	4	98
712	16187	16034	16400	153	366	5	98
713	16193	16035	16400	158	365	4	98
714	16342	16037	16550	305	513	5	98
715	16191	16035	16400	156	365	3	98
716	16188	16038	16396	150	358	3	98
717	16343	16036	16553	307	517	4	98
718	16189	16036	16397	153	361	3	98
719	16348	16041	16557	307	516	4	98
720	16345	16038	16551	307	513	5	98
721	16187	16037	16395	150	358	3	98
722	16346	16038	16554	308	516	4	98
723	16350	16036	16559	314	523	4	98
724	16191	16036	16398	155	362	3	98
725	16344	16039	16549	305	510	4	98
726	16345	16037	16553	308	516	4	98
727	16187	16037	16397	150	360	3	98
728	16345	16039	16555	306	516	4	98
729	16344	16037	16553	307	516	4	98
730	16188	16035	16396	153	361	3	98
731	16346	16039	16551	307	512	4	98
732	16340	16037	16550	303	513	4	98
733	16191	16035	16399	156	364	3	98
734	16342	16037	16550	305	513	4	98
735	16343	16036	16553	307	517	4	98
736	16187	16036	16395	151	359	3	98
737	16342	16036	16550	306	514	4	98
738	16344	16039	16550	305	511	4	98
739	16187	16035	16397	152	362	3	98
740	16346	16039	16553	307	514	4	98
741	16338	16039	16546	299	507	4	98
742	16189	16036	16397	153	361	3	98
743	16340	16039	16548	301	509	4	98
744	16342	16037	16552	305	515	4	98
745	16189	16037	16396	152	359	3	98
746	16343	16040	16550	303	510	4	98
747	16343	16036	16553	307	517	4	98
748	16187	16037	16396	150	359	3	98
749	16346	16039	16551	307	512	4	98
750	16251	16037	16549	214	512	4	98
751	16199	16038	16405	161	367	3	98
752	16339	16037	16545	302	508	4	98
753	16190	16036	16400	154	364	3	98
754	16185	16035	16395	150	360	3	98
755	16344	16039	16552	305	513	4	98
756	16188	16037	16396	151	359	3	98
757	16347	16040	16555	307	515	4	98
758	16347	16037	16555	310	518	4	98
759	16186	16036	16396	150	360	3	98
760	16347	16040	16554	307	514	5	98
761	16347	16038	16555	309	517	4	98
762	16188	16036	16398	152	362	3	98
763	16341	16039	16551	302	512	4	98
764	16341	16037	16551	304	514	4	98
765	16189	16037	16395	152	358	3	98
766	16336	16038	16546	298	508	4	98
767	16344	16038	16550	306	512	4	98
768	16187	16037	16395	150	358	3	98
769	16347	16039	16553	308	514	4	98
770	16343	16036	16552	307	516	4	98
771	16195	16035	16402	160	367	3	98
772	16342	16039	16552	303	513	4	98
773	16348	16039	16556	309	517	4	98
774	16190	16036	16396	154	360	3	98
775	16349	16039	16557	310	518	4	98
776	16347	16040	16554	307	514	4	98
777	16187	16037	16395	150	358	3	98
778	16343	16039	16549	304	510	4	98
779	16339	16040	16547	299	507	4	98
780	16191	16036	16399	155	363	4	98
781	16340	16041	16546	299	505	4	98
782	16342	16039	16550	303	511	4	98
783	16192	16038	16400	154	362	4	98
784	16332	16035	16540	297	505	4	98
785	16350	16038	16556	312	518	4	98
786	16190	16036	16395	154	359	3	98
787	16356	16037	16562	319	525	4	98
788	16188	16037	16551	151	514	4	98
789	16191	16038	16401	153	363	3	98
790	16343	16038	16553	305	515	4	98
791	16195	16037	16403	158	366	3	98
792	16190	16035	16398	155	363	3	98
793	16347	16038	16553	309	515	4	98
794	16186	16036	16396	150	360	3	98
795	16351	16040	16561	311	521	4	98
796	16352	16039	16558	313	519	4	98
797	16187	16036	16393	151	357	3	98
798	16343	16036	16551	307	515	4	98
799	16341	16036	16551	305	515	4	98
800	16196	16036	16406	160	370	3	98
801	16339	16039	16549	300	510	4	98
802	16342	16039	16548	303	509	4	98
803	16190	16037	16398	153	361	4	98
804	16350	16039	16560	311	521	4	98
805	16350	16037	16558	313	521	4	98
806	16187	16036	16395	151	359	4	98
807	16347	16040	16553	307	513	4	98
808	16339	16037	16547	302	510	4	98
809	16189	16036	16397	153	361	3	98
810	16346	16040	16554	306	514	4	98
811	16350	16041	16557	309	516	4	98
812	16185	16035	16392	150	357	3	98
813	16340	16038	16546	302	508	4	98
814	16348	16036	16558	312	522	4	98
815	16186	16036	16396	150	360	3	98
816	16349	16040	16557	309	517	4	98
817	16339	16036	16548	303	512	4	98
818	16191	16038	16399	153	361	4	98
819	16341	16039	16549	302	510	5	98
820	16342	16038	16552	304	514	4	98
821	16187	16037	16395	150	358	3	98
822	16344	16039	16552	305	513	4	98
823	16343	16038	16548	305	510	4	98
824	16185	16036	16393	149	357	3	98
825	16342	16036	16548	306	512	4	98
826	16341	16039	16550	302	511	4	98
827	16206	16040	16412	166	372	4	100
828	16351	16039	16561	312	522	4	98
829	16189	16035	16399	154	364	4	98
830	16191	16038	16399	153	361	3	98
831	16344	16039	16552	305	513	4	98
832	16186	16036	16396	150	360	3	98
833	16187	16039	16545	148	506	4	98
834	16343	16038	16551	305	513	4	98
835	16186	16038	16394	148	356	3	98
836	16343	16038	16551	305	513	4	98
837	16343	16036	16549	307	513	4	98
838	16194	16037	16402	157	365	3	98
839	16340	16040	16548	300	508	4	98
840	16342	16039	16548	303	509	4	98
841	16191	16037	16401	154	364	3	98
842	16349	16040	16557	309	517	4	98
843	16344	16038	16554	306	516	4	98
844	16186	16036	16392	150	356	3	98
845	16347	16040	16556	307	516	4	98
846	16338	16038	16548	300	510	4	98
847	16190	16036	16398	154	362	3	98
848	16344	16040	16552	304	512	4	98
849	16346	16038	16552	308	514	4	98
850	16188	16036	16398	152	362	3	98
851	16343	16041	16551	302	510	4	98
852	16356	16038	16564	318	526	4	98
853	16186	16036	16394	150	358	3	98
854	16348	16038	16554	310	516	4	98
855	16338	16038	16546	300	508	4	98
856	16189	16038	16397	151	359	3	98
857	16346	16040	16551	306	511	4	98
858	16347	16038	16556	309	518	4	98
859	16190	16036	16398	154	362	3	98
860	16347	16039	16555	308	516	4	98
861	16346	16036	16552	310	516	4	98
862	16188	16038	16394	150	356	3	98
863	16346	16039	16552	307	513	4	98
864	16339	16039	16546	300	507	4	98
865	16197	16036	16404	161	368	3	98
866	16350	16041	16558	309	517	4	98
867	16342	16039	16548	303	509	4	98
868	16191	16037	16397	154	360	3	98
869	16350	16038	16559	312	521	4	98
870	16190	16037	16397	153	360	3	98
871	16195	16035	16405	160	370	3	98
872	16342	16038	16550	304	512	4	98
873	16186	16036	16394	150	358	3	98
874	16351	16038	16559	313	521	4	98
875	16340	16041	16546	299	505	4	98
876	16195	16036	16402	159	366	3	98
877	16341	16041	16547	300	506	4	98
878	16343	16039	16550	304	511	4	98
879	16192	16037	16400	155	363	3	98
880	16347	16040	16553	307	513	4	98
881	16349	16038	16559	311	521	4	98
882	16187	16038	16393	149	355	3	98
883	16350	16038	16558	312	520	5	98
884	16338	16039	16546	299	507	4	98
885	16197	16035	16406	162	371	3	98
886	16340	16037	16548	303	511	4	98
887	16339	16038	16548	301	510	4	98
888	16188	16038	16394	150	356	3	98
889	16345	16039	16551	306	512	4	98
890	16350	16038	16560	312	522	4	98
891	16186	16037	16393	149	356	3	98
892	16345	16040	16551	305	511	4	98
893	16357	16037	16565	320	528	4	98
894	16192	16036	16399	156	363	4	98
895	16338	16038	16544	300	506	4	98
896	16341	16038	16547	303	509	4	98
897	16191	16037	16396	154	359	3	98
898	16345	16035	16549	310	514	4	98
899	16340	16037	16550	303	513	4	98
900	16188	16035	16393	153	358	4	98
901	16351	16039	16557	312	518	4	98
902	16346	16038	16552	308	514	4	98
903	16198	16037	16404	161	367	3	98
904	16350	16038	16560	312	522	4	98
905	16341	16038	16549	303	511	4	98
906	16196	16037	16402	159	365	3	98
907	16343	16037	16551	306	514	4	98
908	16300	16036	16551	264	515	4	98
909	16185	16036	16393	149	357	4	98
910	16342	16037	16550	305	513	4	98
911	16186	16036	16392	150	356	3	98
912	16193	16037	16495	156	458	4	98
913	16337	16038	16545	299	507	4	98
914	16196	16039	16404	157	365	3	98
915	16342	16043	16552	299	509	4	98
916	16343	16043	16549	300	506	4	98
917	16188	16036	16396	152	360	3	98
918	16352	16039	16561	313	522	4	98
919	16347	16038	16555	309	517	4	98
920	16185	16037	16391	148	354	3	98
921	16342	16037	16552	305	515	5	98
922	16349	16037	16555	312	518	4	98
923	16190	16037	16396	153	359	3	98
924	16341	16039	16548	302	509	4	98
925	16342	16038	16549	304	511	4	98
926	16194	16038	16403	156	365	3	98
927	16343	16040	16553	303	513	4	98
928	16342	16039	16550	303	511	4	98
929	16197	16035	16405	162	370	3	98
930	16353	16039	16559	314	520	4	98
931	16340	16037	16548	303	511	4	98
932	16190	16037	16396	153	359	3	98
933	16341	16037	16551	304	514	4	98
934	16343	16038	16551	305	513	4	98
935	16191	16037	16400	154	363	3	98
936	16345	16038	16551	307	513	4	98
937	16341	16036	16547	305	511	6	98
938	16187	16038	16393	149	355	3	98
939	16350	16039	16559	311	520	4	98
940	16349	16038	16558	311	520	5	98
941	16191	16037	16399	154	362	3	98
942	16342	16037	16549	305	512	4	98
943	16348	16036	16556	312	520	4	98
944	16188	16037	16394	151	357	3	98
945	16341	16038	16550	303	512	4	98
946	16345	16038	16553	307	515	4	98
947	16187	16036	16394	151	358	3	98
948	16349	16038	16558	311	520	4	98
949	16187	16036	16398	151	362	3	98
950	16192	16038	16400	154	362	3	98
951	16341	16038	16547	303	509	5	98
952	16189	16035	16396	154	361	3	98
953	16189	16037	16434	152	397	4	98
954	16341	16040	16547	301	507	4	98
955	16195	16036	16403	159	367	3	98
956	16341	16039	16547	302	508	4	98
957	16351	16040	16559	311	519	4	98
958	16193	16041	16401	152	360	4	98
959	16342	16039	16550	303	511	4	98
960	16343	16037	16550	306	513	4	98
961	16194	16035	16402	159	367	3	98
962	16342	16038	16548	304	510	4	98
963	16341	16038	16547	303	509	4	98
964	16190	16036	16400	154	364	3	98
965	16345	16039	16553	306	514	4	98
966	16340	16037	16549	303	512	4	98
967	16188	16037	16395	151	358	3	98
968	16350	16038	16557	312	519	4	98
969	16343	16039	16549	304	510	4	98
970	16191	16037	16398	154	361	3	98
971	16338	16038	16546	300	508	4	98
972	16345	16039	16551	306	512	4	98
973	16197	16038	16405	159	367	3	98
974	16346	16042	16553	304	511	4	98
975	16344	16038	16554	306	516	4	98
976	16185	16036	16393	149	357	3	98
977	16341	16037	16551	304	514	4	98
978	16336	16037	16545	299	508	4	98
979	16189	16036	16396	153	360	3	98
980	16345	16038	16555	307	517	4	98
981	16343	16038	16550	305	512	4	98
982	16188	16038	16395	150	357	3	98
983	16342	16040	16550	302	510	4	98
984	16350	16039	16557	311	518	4	98
985	16187	16037	16393	150	356	3	98
986	16340	16036	16550	304	514	4	98
987	16185	16037	16397	148	360	3	98
988	16190	16036	16398	154	362	3	98
989	16340	16039	16547	301	508	4	98
990	16186	16035	16396	151	361	3	98
991	16189	16036	16433	153	397	4	98
992	16341	16036	16551	305	515	4	98
993	16190	16038	16396	152	358	3	98
994	16350	16043	16556	307	513	4	98
995	16343	16040	16551	303	511	4	98
996	16184	16037	16391	147	354	3	98
997	16348	16038	16556	310	518	4	98
998	16337	16037	16545	300	508	4	98
999	16186	16035	16393	151	358	3	98
1000	16336	16038	16544	298	506	4	98
1001	16344	16038	16552	306	514	4	98
1002	16187	16035	16393	152	358	3	98
1003	16338	16038	16548	300	510	4	98
1004	16348	16036	16557	312	521	4	98
1005	16183	16036	16393	147	357	3	98
1006	16342	16040	16548	302	508	4	98
1007	16343	16037	16551	306	514	4	98
1008	16194	16035	16404	159	369	3	98
1009	16340	16039	16548	301	509	4	98
1010	16345	16035	16555	310	520	5	98
1011	16188	16036	16398	152	362	3	98
1012	16343	16037	16551	306	514	4	98
1013	16341	16038	16548	303	510	4	98
1014	16188	16036	16396	152	360	3	98
1015	16342	16038	16552	304	514	4	98
1016	16345	16040	16551	305	511	4	98
1017	16193	16038	16399	155	361	3	98
1018	16338	16038	16545	300	507	4	98
1019	16336	16036	16543	300	507	4	98
1020	16187	16036	16397	151	361	3	98
1021	16340	16038	16550	302	512	4	98
1022	16347	16038	16555	309	517	4	98
1023	16188	16037	16397	151	360	3	98
1024	16351	16039	16558	312	519	4	98
1025	16340	16040	16548	300	508	4	98
1026	16193	16041	16401	152	360	3	98
1027	16344	16039	16552	305	513	4	98
1028	16192	16036	16402	156	366	3	98
1029	16189	16036	16399	153	363	3	98
1030	16343	16037	16551	306	514	4	98
1031	16187	16037	16396	150	359	3	98
1032	16342	16039	16549	303	510	4	98
1033	16339	16039	16545	300	506	4	98
1034	16185	16036	16391	149	355	3	98
1035	16345	16041	16551	304	510	4	98
1036	16348	16039	16556	309	517	4	98
1037	16183	16035	16391	148	356	4	98
1038	16338	16040	16546	298	506	4	98
1039	16341	16038	16549	303	511	4	98
1040	16192	16038	16398	154	360	3	98
1041	16342	16037	16548	305	511	4	98
1042	16346	16037	16556	309	519	4	98
1043	16184	16036	16390	148	354	3	98
1044	16343	16040	16551	303	511	4	98
1045	16343	16038	16551	305	513	4	98
1046	16182	16036	16390	146	354	3	98
1047	16339	16039	16546	300	507	4	98
1048	16341	16039	16546	302	507	4	98
1049	16189	16036	16394	153	358	3	98
1050	16344	16037	16552	307	515	5	98
1051	16342	16037	16550	305	513	4	98
1052	16187	16036	16395	151	359	3	98
1053	16346	16038	16554	308	516	4	98
1054	16336	16037	16545	299	508	4	98
1055	16187	16037	16394	150	357	3	98
1056	16342	16037	16550	305	513	4	98
1057	16338	16038	16546	300	508	4	98
1058	16188	16036	16396	152	360	3	98
1059	16344	16039	16554	305	515	4	98
1060	16344	16039	16552	305	513	4	98
1061	16185	16038	16392	147	354	3	98
1062	16343	16038	16549	305	511	4	98
1063	16337	16039	16543	298	504	5	98
1064	16187	16036	16395	151	359	3	98
1065	16344	16038	16552	306	514	4	98
1066	16186	16035	16395	151	360	3	98
1067	16197	16036	16407	161	371	3	98
1068	16339	16037	16547	302	510	4	98
1069	16189	16037	16397	152	360	3	98
1070	16190	16036	16398	154	362	3	98
1071	16351	16039	16559	312	520	4	98
1072	16186	16037	16391	149	354	3	98
1073	16337	16039	16545	298	506	5	98
1074	16343	16037	16553	306	516	4	98
1075	16185	16036	16391	149	355	3	98
1076	16345	16038	16555	307	517	6	98
1077	16342	16039	16548	303	509	4	98
1078	16184	16035	16391	149	356	3	98
1079	16343	16039	16551	304	512	4	98
1080	16354	16044	16562	310	518	4	98
1081	16183	16035	16391	148	356	3	98
1082	16349	16036	16555	313	519	4	98
1083	16342	16033	16550	309	517	5	98
1084	16190	16042	16397	148	355	3	98
1085	16344	16036	16553	308	517	4	98
1086	16341	16036	16548	305	512	4	98
1087	16186	16037	16393	149	356	3	98
1088	16345	16041	16554	304	513	4	98
1089	16342	16040	16552	302	512	5	98
1090	16183	16035	16391	148	356	3	98
1091	16335	16037	16545	298	508	4	98
1092	16335	16035	16543	300	508	4	98
1093	16191	16043	16397	148	354	3	98
1094	16342	16038	16551	304	513	4	98
1095	16339	16036	16547	303	511	4	98
1096	16186	16033	16396	153	363	3	98
1097	16344	16043	16550	301	507	4	98
1098	16351	16039	16561	312	522	4	98
1099	16183	16035	16391	148	356	3	98
1100	16341	16037	16549	304	512	4	98
1101	16338	16034	16548	304	514	4	98
1102	16199	16043	16406	156	363	3	98
1103	16337	16037	16543	300	506	4	98
1104	16341	16039	16546	302	507	4	98
1105	16194	16035	16402	159	367	3	98
1106	16344	16038	16549	306	511	4	98
1107	16194	16041	16402	153	361	3	98
1108	16194	16036	16400	158	364	3	98
1109	16341	16037	16549	304	512	4	98
1110	16188	16036	16394	152	358	3	98
1111	16348	16045	16554	303	509	4	98
1112	16338	16039	16548	299	509	4	98
1113	16186	16035	16396	151	361	3	98
1114	16344	16038	16550	306	512	4	98
1115	16341	16036	16550	305	514	4	98
1116	16194	16041	16399	153	358	3	98
1117	16341	16039	16549	302	510	4	98
1118	16336	16037	16543	299	506	4	98
1119	16187	16034	16397	153	363	4	98
1120	16339	16038	16545	301	507	4	98
1121	16355	16043	16562	312	519	5	98
1122	16188	16035	16398	153	363	3	98
1123	16335	16036	16543	299	507	4	98
1124	16338	16037	16548	301	511	4	98
1125	16188	16036	16396	152	360	3	98
1126	16348	16044	16554	304	510	4	98
1127	16336	16037	16543	299	506	4	98
1128	16188	16036	16396	152	360	3	98
1129	16345	16035	16555	310	520	4	98
1130	16348	16036	16558	312	522	4	98
1131	16193	16042	16400	151	358	3	98
1132	16338	16040	16548	298	508	4	98
1133	16338	16037	16544	301	507	4	98
1134	16189	16036	16399	153	363	3	98
1135	16343	16037	16553	306	516	4	98
1136	16340	16037	16550	303	513	5	98
1137	16194	16042	16402	152	360	4	98
1138	16343	16038	16549	305	511	5	98
1139	16349	16035	16555	314	520	4	98
1140	16191	16035	16399	156	364	3	98
1141	16343	16044	16549	299	505	4	98
1142	16335	16036	16543	299	507	4	98
1143	16189	16035	16398	154	363	3	98
1144	16341	16037	16549	304	512	4	98
1145	16193	16039	16401	154	362	4	98
1146	16192	16040	16400	152	360	3	98
1147	16339	16036	16547	303	511	4	98
1148	16185	16035	16391	150	356	3	98
1149	16276	16037	16550	239	513	4	98
1150	16343	16043	16551	300	508	4	98
1151	16186	16036	16392	150	356	3	98
1152	16342	16039	16550	303	511	4	98
1153	16342	16034	16549	308	515	5	98
1154	16192	16043	16399	149	356	3	98
1155	16339	16037	16546	302	509	4	98
1156	16338	16038	16544	300	506	4	98
1157	16186	16034	16395	152	361	3	98
1158	16349	16039	16557	310	518	5	98
1159	16341	16044	16551	297	507	4	98
1160	16185	16034	16391	151	357	3	98
1161	16336	16037	16546	299	509	4	98
1162	16340	16037	16549	303	512	4	98
1163	16195	16042	16402	153	360	3	98
1164	16343	16036	16551	307	515	5	98
1165	16342	16036	16550	306	514	4	98
1166	16183	16036	16391	147	355	3	98
1167	16346	16038	16554	308	516	4	98
1168	16343	16045	16548	298	503	4	98
1169	16185	16035	16391	150	356	3	98
1170	16343	16040	16549	303	509	4	98
1171	16344	16036	16551	308	515	4	98
1172	16193	16041	16403	152	362	3	98
1173	16343	16037	16548	306	511	4	98
1174	16341	16037	16547	304	510	4	98
1175	16184	16035	16392	149	357	3	98
1176	16338	16036	16548	302	512	4	98
1177	16346	16042	16556	304	514	4	98
1178	16189	16034	16397	155	363	3	98
1179	16336	16037	16544	299	507	4	98
1180	16342	16035	16550	307	515	4	98
1181	16187	16036	16395	151	359	3	98
1182	16349	16043	16557	306	514	4	98
1183	16189	16034	16552	155	518	4	98
1184	16183	16036	16390	147	354	3	98
1185	16340	16037	16548	303	511	4	98
1186	16185	16033	16393	152	360	3	98
1187	16198	16041	16408	157	367	3	98
1188	16335	16035	16545	300	510	4	98
1189	16187	16035	16393	152	358	3	98
1190	16346	16038	16553	308	515	4	98
1191	16336	16036	16543	300	507	4	98
1192	16195	16041	16402	154	361	3	98
1193	16341	16038	16547	303	509	4	98
1194	16340	16037	16547	303	510	4	98
1195	16184	16035	16389	149	354	3	98
1196	16341	16038	16549	303	511	4	98
1197	16348	16044	16554	304	510	4	98
1198	16189	16035	16399	154	364	3	98
1199	16337	16037	16547	300	510	4	98
1200	16340	16034	16548	306	514	5	98
1201	16187	16035	16395	152	360	3	98
1202	16344	16044	16552	300	508	4	98
1203	16350	16039	16557	311	518	4	98
1204	16183	16035	16393	148	358	3	98
1205	16339	16038	16546	301	508	4	98
1206	16341	16038	16549	303	511	4	98
1207	16187	16036	16395	151	359	3	98
1208	16350	16043	16557	307	514	5	98
1209	16352	16035	16560	317	525	4	98
1210	16186	16034	16391	152	357	3	98
1211	16342	16039	16550	303	511	4	98
1212	16346	16034	16554	312	520	4	98
1213	16194	16042	16401	152	359	3	98
1214	16349	16035	16555	314	520	4	98
1215	16335	16034	16545	301	511	4	98
1216	16186	16035	16394	151	359	3	98
1217	16339	16038	16545	301	507	4	98
1218	16337	16036	16544	301	508	4	98
1219	16195	16043	16402	152	359	3	98
1220	16342	16037	16547	305	510	4	98
1221	16347	16036	16557	311	521	5	98
1222	16184	16036	16394	148	358	3	98
1223	16340	16037	16550	303	513	4	98
1224	16192	16038	16399	154	361	3	98
1225	16193	16042	16402	151	360	3	98
1226	16343	16037	16552	306	515	4	98
1227	16181	16035	16391	146	356	3	98
1228	16342	16039	16550	303	511	4	98
1229	16341	16039	16549	302	510	4	98
1230	16194	16040	16402	154	362	3	98
1231	16346	16039	16556	307	517	4	98
1232	16344	16038	16550	306	512	4	98
1233	16183	16035	16391	148	356	3	98
1234	16341	16040	16547	301	507	4	98
1235	16343	16037	16550	306	513	5	98
1236	16192	16042	16400	150	358	3	98
1237	16343	16041	16549	302	508	4	98
1238	16338	16036	16546	302	510	5	98
1239	16188	16035	16395	153	360	3	98
1240	16341	16037	16548	304	511	4	98
1241	16339	16036	16546	303	510	4	98
1242	16188	16040	16397	148	357	3	98
1243	16351	16041	16559	310	518	4	98
1244	16337	16035	16544	302	509	5	98
1245	16184	16035	16392	149	357	3	98
1246	16344	16036	16552	308	516	5	98
1247	16337	16037	16547	300	510	4	98
1248	16188	16037	16394	151	357	3	98
1249	16345	16042	16554	303	512	4	98
1250	16340	16036	16548	304	512	4	98
1251	16189	16035	16397	154	362	3	98
1252	16338	16036	16544	302	508	5	98
1253	16337	16036	16544	301	508	5	98
1254	16187	16035	16393	152	358	4	98
1255	16348	16043	16556	305	513	5	98
1256	16338	16037	16547	301	510	5	98
1257	16190	16037	16400	153	363	3	98
1258	16330	16035	16540	295	505	4	98
1259	16186	16036	16393	150	357	3	98
1260	16183	16035	16393	148	358	3	98
1261	16340	16038	16547	302	509	4	98
1262	16192	16042	16398	150	356	3	98
1263	16264	16034	16537	230	503	4	98
1264	16338	16036	16546	302	510	4	98
1265	16189	16041	16399	148	358	3	98
1266	16340	16037	16547	303	510	4	98
1267	16342	16035	16550	307	515	4	98
1268	16193	16041	16401	152	360	3	98
1269	16337	16036	16545	301	509	4	98
1270	16345	16036	16555	309	519	4	98
1271	16189	16042	16397	147	355	3	98
1272	16336	16035	16546	301	511	4	98
1273	16340	16036	16546	304	510	4	98
1274	16191	16041	16399	150	358	3	98
1275	16340	16038	16547	302	509	4	98
1276	16339	16036	16546	303	510	4	98
1277	16194	16042	16400	152	358	3	98
1278	16338	16035	16546	303	511	4	98
1279	16344	16035	16552	309	517	4	98
1280	16189	16042	16395	147	353	3	98
1281	16337	16035	16545	302	510	5	98
1282	16340	16036	16548	304	512	4	98
1283	16190	16040	16398	150	358	3	98
1284	16337	16037	16545	300	508	4	98
1285	16338	16035	16543	303	508	4	98
1286	16189	16037	16397	152	360	3	98
1287	16342	16043	16549	299	506	4	98
1288	16337	16034	16546	303	512	4	98
1289	16185	16034	16393	151	359	3	98
1290	16340	16043	16549	297	506	4	98
1291	16336	16035	16542	301	507	4	98
1292	16190	16034	16396	156	362	3	98
1293	16341	16045	16550	296	505	4	98
1294	16347	16034	16553	313	519	4	98
1295	16201	16043	16408	158	365	3	98
1296	16335	16033	16541	302	508	4	98
1297	16191	16040	16554	151	514	4	98
1298	16185	16038	16393	147	355	3	98
1299	16337	16036	16544	301	508	4	98
1300	16194	16041	16401	153	360	3	98
1301	16192	16035	16398	157	363	3	98
1302	16355	16044	16563	311	519	4	98
1303	16182	16034	16388	148	354	3	98
1304	16334	16036	16541	298	505	4	98
1305	16347	16044	16557	303	513	4	98
1306	16956	16040	17164	916	1124	5	99
1307	16195	16042	16403	153	361	3	98
1308	16349	16034	16559	315	525	4	98
1309	16186	16030	16394	156	364	4	98
1310	16197	16043	16407	154	364	3	98
1311	16332	16034	16540	298	506	4	98
1312	16193	16041	16403	152	362	3	98
1313	16187	16034	16547	153	513	4	98
1314	16339	16034	16546	305	512	4	98
1315	16191	16042	16398	149	356	3	98
1316	16338	16036	16546	302	510	4	98
1317	16336	16034	16544	302	510	4	98
1318	16193	16041	16401	152	360	4	98
1319	16339	16037	16545	302	508	4	98
1320	16341	16041	16551	300	510	4	98
1321	16191	16033	16399	158	366	3	98
1322	16353	16036	16563	317	527	4	98
1323	16345	16044	16551	301	507	4	98
1324	16183	16033	16390	150	357	3	98
1325	16339	16037	16547	302	510	4	98
1326	16359	16043	16569	316	526	4	98
1327	16186	16034	16394	152	360	3	98
1328	16344	16041	16551	303	510	4	98
1329	16345	16041	16555	304	514	4	98
1330	16193	16035	16400	158	365	3	98
1331	16341	16040	16547	301	507	4	98
1332	16340	16040	16545	300	505	4	98
1333	16188	16034	16398	154	364	3	98
1334	16346	16042	16553	304	511	5	98
1335	16352	16037	16560	315	523	4	98
1336	16187	16032	16395	155	363	4	98
1337	16347	16043	16554	304	511	4	98
1338	16350	16035	16556	315	521	5	98
1339	16190	16035	16398	155	363	3	98
1340	16342	16042	16548	300	506	5	98
1341	16339	16036	16545	303	509	4	98
1342	16187	16033	16395	154	362	4	98
1343	16349	16043	16557	306	514	4	98
1344	16338	16036	16546	302	510	4	98
1345	16187	16036	16394	151	358	3	98
1346	16347	16038	16557	309	519	5	98
1347	16193	16040	16404	153	364	3	98
1348	16189	16034	16397	155	363	4	98
1349	16349	16037	16555	312	518	4	98
1350	16197	16042	16403	155	361	3	98
1351	16184	16034	16394	150	360	3	98
1352	16337	16037	16547	300	510	4	98
1353	16193	16040	16403	153	363	3	98
1354	16340	16036	16548	304	512	5	98
1355	16339	16036	16545	303	509	4	98
1356	16196	16041	16406	155	365	3	98
1357	16351	16039	16561	312	522	4	98
1358	16334	16034	16544	300	510	4	98
1359	16190	16038	16398	152	360	4	98
1360	16339	16040	16549	299	509	4	98
1361	16339	16036	16546	303	510	4	98
1362	16185	16033	16395	152	362	3	98
1363	16348	16044	16556	304	512	4	98
1364	16340	16037	16546	303	509	4	98
1365	16186	16032	16391	154	359	3	98
1366	16350	16045	16556	305	511	4	98
1367	16334	16034	16544	300	510	5	98
1368	16192	16036	16400	156	364	3	98
1369	16340	16036	16549	304	513	4	98
1370	16350	16045	16557	305	512	4	98
1371	16186	16034	16392	152	358	3	98
1372	16341	16036	16551	305	515	4	98
1373	16348	16044	16558	304	514	4	98
1374	16187	16035	16395	152	360	3	98
1375	16348	16038	16556	310	518	4	98
1376	16342	16038	16551	304	513	4	98
1377	16195	16042	16401	153	359	4	98
1378	16336	16036	16542	300	506	4	98
1379	16338	16036	16546	302	510	4	98
1380	16193	16041	16400	152	359	3	98
1381	16341	16038	16549	303	511	4	98
1382	16342	16036	16550	306	514	4	98
1383	16183	16034	16391	149	357	3	98
1384	16346	16045	16553	301	508	4	98
1385	16342	16036	16550	306	514	4	98
1386	16192	16036	16402	156	366	3	98
1387	16339	16037	16547	302	510	4	98
1388	16193	16042	16401	151	359	3	98
1389	16188	16035	16396	153	361	3	98
1390	16336	16035	16546	301	511	4	98
1391	16186	16035	16394	151	359	3	98
1392	16347	16045	16554	302	509	4	98
1393	16346	16036	16553	310	517	4	98
1394	16186	16035	16393	151	358	3	98
1395	16342	16040	16550	302	510	4	98
1396	16345	16042	16553	303	511	4	98
1397	16191	16034	16399	157	365	3	98
1398	16343	16037	16551	306	514	4	98
1399	16332	16040	16540	292	500	4	98
1400	16189	16037	16399	152	362	4	98
1401	16343	16038	16548	305	510	4	98
1402	16349	16038	16557	311	519	4	98
1403	16187	16039	16395	148	356	3	98
1404	16345	16042	16554	303	512	4	98
1405	16335	16037	16542	298	505	4	98
1406	16193	16035	16399	158	364	3	98
1407	16353	16042	16561	311	519	4	98
1408	16357	16041	16564	316	523	4	98
1409	16186	16034	16395	152	361	3	98
1410	16340	16036	16548	304	512	4	98
1411	16348	16038	16555	310	517	4	98
1412	16190	16042	16396	148	354	3	98
1413	16340	16039	16549	301	510	4	98
1414	16339	16034	16547	305	513	4	98
1415	16189	16036	16398	153	362	3	98
1416	16344	16042	16552	302	510	5	98
1417	16343	16036	16551	307	515	4	98
1418	16193	16036	16399	157	363	3	98
1419	16343	16042	16551	301	509	4	98
1420	16344	16039	16553	305	514	5	98
1421	16188	16033	16397	155	364	4	98
1422	16348	16039	16557	309	518	4	98
1423	16342	16042	16547	300	505	4	98
1424	16192	16035	16402	157	367	3	98
1425	16335	16036	16541	299	505	4	98
1426	16341	16036	16550	305	514	4	98
1427	16193	16041	16402	152	361	3	98
1428	16339	16036	16547	303	511	4	98
1429	16186	16033	16393	153	360	3	98
1430	16193	16035	16401	158	366	3	98
1431	16346	16044	16554	302	510	4	98
1432	16186	16033	16394	153	361	3	98
1433	16347	16039	16556	308	517	4	98
1434	16339	16040	16548	299	508	5	98
1435	16189	16039	16397	150	358	4	98
1436	16340	16038	16550	302	512	4	98
1437	16340	16039	16547	301	508	4	98
1438	16196	16042	16402	154	360	3	98
1439	16343	16039	16549	304	510	4	98
1440	16338	16037	16546	301	509	4	98
1441	16187	16035	16393	152	358	3	98
1442	16351	16046	16558	305	512	4	98
1443	16335	16037	16543	298	506	4	98
1444	16185	16034	16393	151	359	3	98
1445	16345	16036	16555	309	519	4	98
1446	16341	16039	16549	302	510	4	98
1447	16192	16040	16402	152	362	3	98
1448	16341	16037	16551	304	514	4	98
1449	16338	16036	16546	302	510	4	98
1450	16183	16034	16390	149	356	4	98
1451	16351	16039	16559	312	520	4	98
1452	16339	16041	16546	298	505	4	98
1453	16190	16039	16398	151	359	3	98
1454	16351	16038	16560	313	522	4	98
1455	16337	16037	16544	300	507	4	98
1456	16189	16035	16399	154	364	3	98
1457	16341	16039	16550	302	511	5	98
1458	16343	16042	16551	301	509	4	98
1459	16191	16039	16399	152	360	3	98
1460	16345	16037	16552	308	515	4	98
1461	16340	16037	16549	303	512	4	98
1462	16185	16037	16393	148	356	3	98
1463	16342	16038	16550	304	512	4	98
1464	16339	16042	16547	297	505	4	98
1465	16193	16041	16399	152	358	3	98
1466	16339	16035	16547	304	512	4	98
1467	16186	16037	16395	149	358	3	98
1468	16187	16035	16394	152	359	3	98
1469	16347	16036	16555	311	519	4	98
1470	16185	16037	16393	148	356	3	98
1471	16191	16041	16437	150	396	4	98
1472	16342	16038	16548	304	510	4	98
1473	16185	16035	16393	150	358	3	98
1474	16343	16038	16551	305	513	4	98
1475	16339	16035	16546	304	511	4	98
1476	16189	16035	16398	154	363	4	98
1477	16399	16063	16604	336	541	12	116
1478	16346	16036	16554	310	518	4	98
1479	16183	16035	16390	148	355	3	98
1480	16341	16038	16546	303	508	4	98
1481	16340	16036	16546	304	510	4	98
1482	16186	16034	16393	152	359	3	98
1483	16347	16043	16554	304	511	4	98
1484	16342	16037	16550	305	513	4	98
1485	16189	16035	16399	154	364	3	98
1486	16339	16039	16547	300	508	4	98
1487	16342	16036	16548	306	512	4	98
1488	16182	16034	16390	148	356	3	98
1489	16353	16042	16559	311	517	4	98
1490	16342	16036	16548	306	512	5	98
1491	16182	16036	16392	146	356	3	98
1492	16343	16037	16549	306	512	4	98
1493	16344	16038	16552	306	514	4	98
1494	16191	16037	16397	154	360	3	98
1495	16347	16042	16557	305	515	4	98
1496	16344	16040	16550	304	510	4	98
1497	16183	16036	16390	147	354	3	98
1498	16341	16038	16547	303	509	4	98
1499	16338	16037	16546	301	509	4	98
1500	16184	16036	16392	148	356	3	98
1501	16342	16038	16548	304	510	4	98
1502	16346	16043	16556	303	513	4	98
1503	16186	16036	16396	150	360	3	98
1504	16339	16038	16546	301	508	4	98
1505	16348	16038	16557	310	519	4	98
1506	16183	16035	16393	148	358	3	98
1507	16344	16038	16550	306	512	4	98
1508	16194	16040	16406	154	366	3	98
1509	16194	16037	16400	157	363	4	98
1510	16349	16036	16559	313	523	4	98
1511	16189	16035	16397	154	362	3	98
1512	16187	16037	16431	150	394	4	98
1513	16338	16038	16546	300	508	4	98
1514	16198	16040	16408	158	368	3	98
1515	16345	16044	16551	301	507	4	98
1516	16338	16036	16546	302	510	4	98
1517	16188	16034	16395	154	361	3	98
1518	16338	16036	16547	302	511	4	98
1519	16341	16038	16551	303	513	4	98
1520	16189	16035	16397	154	362	3	98
1521	16345	16045	16555	300	510	4	98
1522	16336	16036	16545	300	509	4	98
1523	16189	16036	16395	153	359	3	98
1524	16340	16038	16546	302	508	4	98
1525	16337	16038	16547	299	509	4	98
1526	16189	16034	16398	155	364	3	98
1527	16344	16041	16552	303	511	4	98
1528	16345	16042	16551	303	509	4	98
1529	16187	16034	16397	153	363	3	98
1530	16345	16040	16551	305	511	4	98
1531	16338	16035	16545	303	510	4	98
1532	16186	16035	16395	151	360	3	98
1533	16338	16038	16548	300	510	4	98
1534	16358	16045	16564	313	519	4	98
1535	16189	16035	16397	154	362	3	98
1536	16339	16038	16546	301	508	4	98
1537	16348	16037	16554	311	517	4	98
1538	16185	16035	16393	150	358	4	98
1539	16343	16040	16551	303	511	4	98
1540	16344	16037	16550	307	513	4	98
1541	16188	16037	16396	151	359	3	98
1542	16344	16042	16552	302	510	4	98
1543	16340	16039	16548	301	509	4	98
1544	16189	16037	16396	152	359	3	98
1545	16344	16038	16550	306	512	4	98
1546	16182	16036	16390	146	354	3	98
1547	16184	16037	16393	147	356	3	98
1548	16343	16037	16550	306	513	4	98
1549	16308	16037	16515	271	478	4	99
1550	16189	16038	16395	151	357	3	98
1551	16340	16037	16550	303	513	4	98
1552	16188	16037	16394	151	357	3	98
1553	16463	16043	16668	420	625	5	99
1554	16342	16041	16551	301	510	4	98
1555	16196	16034	16405	162	371	4	98
1556	16346	16037	16552	309	515	4	98
1557	16336	16035	16545	301	510	4	98
1558	16186	16037	16394	149	357	3	98
1559	16342	16037	16550	305	513	4	98
1560	16340	16035	16546	305	511	5	98
1561	16187	16037	16393	150	356	3	98
1562	16350	16038	16559	312	521	4	98
1563	16338	16036	16546	302	510	4	98
1564	16190	16042	16397	148	355	3	98
1565	16348	16039	16554	309	515	4	98
1566	16335	16038	16543	297	505	4	98
1567	16186	16034	16395	152	361	3	98
1568	16341	16039	16551	302	512	4	98
1569	16345	16038	16551	307	513	4	98
1570	16188	16036	16396	152	360	3	98
1571	16340	16038	16549	302	511	4	98
1572	16339	16036	16545	303	509	5	98
1573	16183	16036	16389	147	353	3	98
1574	16342	16040	16547	302	507	4	98
1575	16347	16042	16554	305	512	4	98
1576	16188	16035	16396	153	361	3	98
1577	16341	16038	16550	303	512	4	98
1578	16341	16036	16549	305	513	5	98
1579	16196	16035	16404	161	369	3	98
1580	16350	16037	16559	313	522	4	98
1581	16344	16037	16553	307	516	4	98
1582	16189	16036	16399	153	363	3	98
1583	16348	16037	16553	311	516	4	98
1584	16350	16037	16557	313	520	4	98
1585	16193	16042	16403	151	361	3	98
1586	16339	16036	16549	303	513	4	98
1587	16191	16036	16399	155	363	3	98
1588	16188	16035	16398	153	363	3	98
1589	16339	16037	16546	302	509	4	98
1590	16186	16036	16396	150	360	3	98
1591	16341	16038	16551	303	513	4	98
1592	16338	16037	16548	301	511	4	98
1593	16188	16036	16394	152	358	3	98
1594	16347	16040	16553	307	513	4	98
1595	16344	16044	16552	300	508	4	98
1596	16187	16038	16394	149	356	3	98
1597	16342	16039	16550	303	511	4	98
1598	16336	16036	16545	300	509	4	98
1599	16187	16035	16395	152	360	3	98
1600	16340	16038	16548	302	510	4	98
1601	16344	16038	16552	306	514	4	98
1602	16183	16037	16389	146	352	3	98
1603	16338	16037	16545	301	508	4	98
1604	16342	16039	16552	303	513	4	98
1605	16190	16037	16400	153	363	3	98
1606	16336	16040	16543	296	503	5	98
1607	16344	16038	16550	306	512	4	98
1608	16188	16037	16396	151	359	3	98
1609	16343	16038	16549	305	511	4	98
1610	16348	16038	16556	310	518	4	98
1611	16192	16040	16400	152	360	3	98
1612	16353	16041	16559	312	518	4	98
1613	16336	16038	16546	298	508	4	98
1614	16185	16034	16395	151	361	3	98
1615	16341	16037	16549	304	512	4	98
1616	16350	16037	16560	313	523	5	98
1617	16187	16036	16395	151	359	3	98
1618	16337	16037	16547	300	510	4	98
1619	16346	16036	16554	310	518	4	98
1620	16188	16036	16398	152	362	3	98
1621	16343	16039	16549	304	510	4	98
1622	16336	16037	16544	299	507	4	98
1623	16185	16037	16394	148	357	3	98
1624	16342	16038	16550	304	512	4	98
1625	16197	16036	16403	161	367	3	98
1626	16188	16036	16396	152	360	3	98
1627	16339	16039	16548	300	509	4	98
1628	16186	16035	16392	151	357	3	98
1629	16345	16039	16553	306	514	4	98
1630	16341	16039	16549	302	510	4	98
1631	16201	16040	16409	161	369	3	98
1632	16347	16039	16555	308	516	4	98
1633	16335	16037	16541	298	504	4	98
1634	16185	16037	16391	148	354	3	98
1635	16343	16038	16549	305	511	4	98
1636	16339	16039	16547	300	508	4	98
1637	16189	16035	16395	154	360	4	98
1638	16344	16040	16550	304	510	4	98
1639	16338	16038	16546	300	508	4	98
1640	16188	16035	16395	153	360	3	98
1641	16346	16040	16553	306	513	4	98
1642	16335	16037	16542	298	505	4	98
1643	16185	16036	16392	149	356	3	98
1644	16342	16039	16550	303	511	4	98
1645	16339	16038	16547	301	509	4	98
1646	16188	16036	16394	152	358	3	98
1647	16341	16037	16549	304	512	4	98
1648	16352	16041	16562	311	521	4	98
1649	16191	16038	16398	153	360	3	98
1650	16346	16039	16552	307	513	4	98
1651	16336	16037	16543	299	506	4	98
1652	16192	16037	16398	155	361	3	98
1653	16343	16037	16552	306	515	4	98
1654	16339	16036	16546	303	510	5	98
1655	16190	16037	16397	153	360	3	98
1656	16338	16039	16544	299	505	4	98
1657	16337	16036	16542	301	506	4	98
1658	16189	16037	16397	152	360	4	98
1659	16342	16037	16550	305	513	4	98
1660	16343	16036	16551	307	515	6	98
1661	16198	16036	16406	162	370	4	98
1662	16340	16038	16548	302	510	4	98
1663	16336	16036	16544	300	508	5	98
1664	16192	16040	16401	152	361	4	98
1665	16340	16040	16548	300	508	5	98
1666	16189	16035	16398	154	363	4	98
1667	16188	16034	16396	154	362	4	98
1668	16347	16037	16554	310	517	4	98
1669	16188	16036	16396	152	360	3	98
1670	16352	16039	16560	313	521	4	98
1671	16339	16038	16546	301	508	5	98
1672	16184	16035	16392	149	357	3	98
1673	16343	16040	16551	303	511	4	98
1674	16343	16037	16553	306	516	4	98
1675	16186	16035	16394	151	359	3	98
1676	16338	16038	16544	300	506	4	98
1677	16347	16037	16556	310	519	4	98
1678	16182	16037	16390	145	353	3	98
1679	16357	16042	16567	315	525	4	98
1680	16341	16040	16551	301	511	4	98
1681	16183	16034	16388	149	354	3	98
1682	16343	16036	16553	307	517	4	98
1683	16339	16039	16545	300	506	4	98
1684	16193	16035	16401	158	366	3	98
1685	16339	16037	16545	302	508	4	98
1686	16348	16036	16558	312	522	4	98
1687	16189	16037	16395	152	358	3	98
1688	16350	16038	16559	312	521	4	98
1689	16341	16037	16549	304	512	5	98
1690	16182	16035	16390	147	355	3	98
1691	16338	16038	16547	300	509	4	98
1692	16338	16038	16545	300	507	4	98
1693	16192	16041	16400	151	359	3	98
1694	16339	16039	16548	300	509	4	98
1695	16337	16038	16545	299	507	4	98
1696	16195	16036	16402	159	366	3	98
1697	16352	16038	16561	314	523	4	98
1698	16351	16038	16558	313	520	4	98
1699	16184	16037	16394	147	357	3	98
1700	16342	16037	16547	305	510	4	98
1701	16338	16036	16547	302	511	5	98
1702	16188	16036	16398	152	362	3	98
1703	16338	16038	16546	300	508	4	98
1704	16298	16036	16547	262	511	4	98
1705	16182	16036	16390	146	354	3	98
1706	16347	16039	16556	308	517	4	98
1707	16193	16040	16399	153	359	4	98
1708	16189	16036	16399	153	363	4	98
1709	16346	16038	16552	308	514	4	98
1710	16189	16036	16395	153	359	3	98
1711	16353	16038	16561	315	523	4	98
1712	16338	16039	16545	299	506	4	98
1713	16188	16036	16395	152	359	3	98
1714	16340	16038	16548	302	510	4	98
1715	16353	16037	16560	316	523	4	98
1716	16187	16035	16395	152	360	3	98
1717	16338	16037	16547	301	510	4	98
1718	16338	16038	16548	300	510	4	98
1719	16191	16037	16399	154	362	3	98
1720	16357	16043	16567	314	524	4	98
1721	16342	16036	16549	306	513	4	98
1722	16188	16036	16397	152	361	3	98
1723	16342	16041	16548	301	507	4	98
1724	16348	16038	16556	310	518	4	98
1725	16189	16038	16397	151	359	3	98
1726	16348	16037	16554	311	517	4	98
1727	16340	16036	16549	304	513	4	98
1728	16188	16037	16396	151	359	3	98
1729	16341	16038	16547	303	509	4	98
1730	16336	16038	16545	298	507	4	98
1731	16189	16037	16399	152	362	3	98
1732	16342	16041	16550	301	509	4	98
1733	16353	16039	16559	314	520	5	98
1734	16187	16038	16394	149	356	3	98
1735	16337	16037	16546	300	509	4	98
1736	16349	16036	16556	313	520	5	98
1737	16190	16037	16398	153	361	4	98
1738	16336	16037	16543	299	506	4	98
1739	16357	16039	16563	318	524	4	98
1740	16192	16038	16398	154	360	3	98
1741	16355	16040	16563	315	523	4	98
1742	16350	16038	16558	312	520	4	98
1743	16187	16037	16395	150	358	3	98
1744	16339	16038	16545	301	507	4	98
1745	16253	16035	16549	218	514	4	98
1746	16190	16037	16398	153	361	3	98
1747	16336	16040	16546	296	506	4	98
1748	16182	16035	16390	147	355	3	98
1749	16189	16037	16399	152	362	3	98
1750	16337	16038	16543	299	505	4	98
1751	16186	16034	16394	152	360	4	98
1752	16346	16039	16555	307	516	4	98
1753	16337	16037	16543	300	506	4	98
1754	16187	16035	16397	152	362	3	98
1755	16346	16040	16552	306	512	4	98
1756	16336	16038	16544	298	506	4	98
1757	16192	16038	16399	154	361	3	98
1758	16337	16040	16545	297	505	4	98
1759	16335	16039	16544	296	505	4	98
1760	16189	16036	16397	153	361	4	98
1761	16352	16038	16560	314	522	4	98
1762	16335	16037	16545	298	508	4	98
1763	16188	16036	16394	152	358	3	98
1764	16345	16040	16551	305	511	4	98
1765	16335	16039	16541	296	502	4	98
1766	16185	16036	16393	149	357	3	98
1767	16336	16040	16542	296	502	4	98
1768	16342	16037	16550	305	513	4	98
1769	16187	16036	16396	151	360	3	98
1770	16345	16039	16552	306	513	4	98
1771	16338	16039	16545	299	506	4	98
1772	16188	16035	16395	153	360	4	98
1773	16344	16038	16550	306	512	4	98
1774	16345	16038	16553	307	515	4	98
1775	16183	16037	16390	146	353	3	98
1776	16353	16038	16559	315	521	4	98
1777	16341	16039	16548	302	509	4	98
1778	16192	16036	16397	156	361	3	98
1779	16348	16038	16558	310	520	4	98
1780	16337	16036	16547	301	511	5	98
1781	16182	16036	16392	146	356	3	98
1782	16334	16039	16542	295	503	4	98
1783	16339	16038	16549	301	511	4	98
1784	16184	16039	16391	145	352	3	98
1785	16339	16039	16547	300	508	4	98
1786	16190	16035	16402	155	367	5	98
1787	16188	16038	16396	150	358	3	98
1788	16342	16036	16548	306	512	4	98
1789	16187	16036	16395	151	359	3	98
1790	16188	16037	16547	151	510	4	98
1791	16344	16040	16553	304	513	4	98
1792	16183	16036	16389	147	353	3	98
1793	16341	16039	16548	302	509	4	98
1794	16343	16038	16550	305	512	4	98
1795	16186	16034	16393	152	359	3	98
1796	16344	16038	16554	306	516	4	98
1797	16336	16037	16543	299	506	4	98
1798	16188	16037	16396	151	359	3	98
1799	16338	16038	16543	300	505	4	98
1800	16345	16036	16553	309	517	4	98
1801	16191	16038	16400	153	362	3	98
1802	16337	16037	16546	300	509	4	98
1803	16341	16038	16548	303	510	4	98
1804	16188	16035	16395	153	360	3	98
1805	16340	16037	16550	303	513	4	98
1806	16344	16038	16550	306	512	4	98
1807	16187	16036	16396	151	360	3	98
1808	16338	16040	16544	298	504	4	98
1809	16343	16039	16549	304	510	4	98
1810	16183	16037	16391	146	354	3	98
1811	16340	16040	16549	300	509	4	98
1812	16342	16037	16550	305	513	4	98
1813	16190	16038	16396	152	358	3	98
1814	16343	16039	16551	304	512	4	98
1815	16342	16039	16548	303	509	4	98
1816	16191	16038	16399	153	361	3	98
1817	16340	16037	16550	303	513	4	98
1818	16339	16036	16547	303	511	4	98
1819	16189	16036	16397	153	361	3	98
1820	16347	16038	16554	309	516	4	98
1821	16337	16038	16545	299	507	4	98
1822	16199	16036	16406	163	370	3	98
1823	16339	16037	16549	302	512	5	98
1824	16307	16040	16554	267	514	4	98
1825	16188	16036	16395	152	359	3	98
1826	16336	16039	16542	297	503	4	98
1827	16191	16036	16399	155	363	3	98
1828	16189	16037	16396	152	359	3	98
1829	16343	16039	16551	304	512	4	98
1830	16182	16036	16390	146	354	3	98
1831	16345	16041	16553	304	512	4	98
1832	16345	16039	16553	306	514	4	98
1833	16189	16036	16398	153	362	3	98
1834	16340	16040	16544	300	504	4	98
1835	16338	16039	16547	299	508	4	98
1836	16189	16036	16396	153	360	3	98
1837	16343	16038	16551	305	513	4	98
1838	16340	16038	16546	302	508	4	98
1839	16186	16036	16394	150	358	3	98
1840	16348	16039	16556	309	517	4	98
1841	16343	16038	16550	305	512	4	98
1842	16193	16037	16403	156	366	3	98
1843	16340	16039	16548	301	509	4	98
1844	16353	16038	16561	315	523	4	98
1845	16193	16037	16400	156	363	3	98
1846	16341	16040	16548	301	508	4	98
1847	16334	16038	16543	296	505	4	98
1848	16190	16035	16399	155	364	4	98
1849	16343	16038	16550	305	512	4	98
1850	16343	16039	16551	304	512	4	98
1851	16191	16036	16399	155	363	3	98
1852	16343	16038	16550	305	512	4	98
1853	16352	16038	16560	314	522	4	98
1854	16188	16036	16397	152	361	3	98
1855	16338	16039	16548	299	509	4	98
1856	16338	16039	16544	299	505	4	98
1857	16191	16037	16397	154	360	3	98
1858	16339	16037	16546	302	509	4	98
1859	16345	16036	16553	309	517	5	98
1860	16197	16037	16403	160	366	3	98
1861	16338	16039	16547	299	508	4	98
1862	16352	16037	16558	315	521	4	98
1863	16190	16038	16397	152	359	3	98
1864	16343	16038	16551	305	513	4	98
1865	16188	16036	16394	152	358	3	98
1866	16197	16037	16407	160	370	3	98
1867	16343	16038	16550	305	512	4	98
1868	16189	16037	16396	152	359	3	98
1869	16351	16038	16558	313	520	5	98
1870	16340	16039	16546	301	507	4	98
1871	16184	16037	16392	147	355	3	98
1872	16345	16039	16551	306	512	5	98
1873	16342	16038	16550	304	512	4	98
1874	16185	16034	16395	151	361	3	98
1875	16338	16038	16544	300	506	4	98
1876	16344	16036	16552	308	516	4	98
1877	16191	16037	16399	154	362	3	98
1878	16344	16039	16554	305	515	4	98
1879	16341	16037	16551	304	514	4	98
1880	16199	16036	16407	163	371	3	98
1881	16341	16039	16548	302	509	4	98
1882	16337	16038	16543	299	505	4	98
1883	16188	16037	16396	151	359	3	98
1884	16339	16037	16547	302	510	4	98
1885	16342	16036	16550	306	514	4	98
1886	16191	16039	16397	152	358	3	98
1887	16351	16039	16557	312	518	5	98
1888	16345	16038	16553	307	515	4	98
1889	16191	16038	16397	153	359	3	98
1890	16351	16039	16556	312	517	4	98
1891	16338	16037	16548	301	511	4	98
1892	16190	16038	16398	152	360	3	98
1893	16335	16037	16543	298	506	4	98
1894	16344	16037	16549	307	512	4	98
1895	16198	16037	16408	161	371	3	98
1896	16351	16041	16557	310	516	4	98
1897	16351	16038	16559	313	521	4	98
1898	16190	16037	16396	153	359	3	98
1899	16356	16039	16562	317	523	4	98
1900	16348	16039	16556	309	517	4	98
1901	16191	16037	16400	154	363	3	98
1902	16346	16040	16552	306	512	4	98
1903	16336	16040	16545	296	505	4	98
1904	16189	16037	16396	152	359	3	98
1905	16352	16039	16558	313	519	4	98
1906	16186	16036	16394	150	358	3	98
1907	16199	16038	16405	161	367	3	98
1908	16343	16039	16549	304	510	4	98
1909	16188	16036	16398	152	362	3	98
1910	16191	16038	16548	153	510	4	98
1911	16342	16039	16550	303	511	4	98
1912	16191	16037	16397	154	360	3	98
1913	16345	16039	16551	306	512	4	98
1914	16345	16040	16553	305	513	4	98
1915	16185	16036	16393	149	357	5	98
1916	16340	16037	16548	303	511	5	98
1917	16338	16039	16547	299	508	4	98
1918	16191	16037	16397	154	360	3	98
1919	16340	16038	16548	302	510	4	98
1920	16340	16038	16548	302	510	4	98
1921	16186	16034	16392	152	358	3	98
1922	16336	16039	16543	297	504	4	98
1923	16346	16038	16554	308	516	4	98
1924	16187	16037	16393	150	356	3	98
1925	16335	16037	16544	298	507	4	98
1926	16344	16039	16551	305	512	4	98
1927	16187	16035	16394	152	359	3	98
1928	16343	16039	16550	304	511	4	98
1929	16337	16039	16546	298	507	4	98
1930	16191	16038	16401	153	363	3	98
1931	16339	16038	16546	301	508	4	98
1932	16344	16038	16552	306	514	4	98
1933	16187	16036	16394	151	358	3	98
1934	16335	16039	16545	296	506	4	98
1935	16346	16040	16552	306	512	4	98
1936	16188	16037	16395	151	358	3	98
1937	16343	16039	16551	304	512	4	98
1938	16335	16039	16543	296	504	4	98
1939	16187	16036	16397	151	361	3	98
1940	16338	16037	16544	301	507	4	98
1941	16354	16037	16561	317	524	4	98
1942	16187	16036	16394	151	358	3	98
1943	16335	16039	16543	296	504	4	98
1944	16188	16037	16398	151	361	3	98
1945	16196	16039	16405	157	366	3	98
1946	16340	16038	16550	302	512	4	98
1947	16184	16036	16390	148	354	4	98
1948	16191	16037	16485	154	448	4	98
1949	16339	16039	16549	300	510	4	98
1950	16188	16037	16396	151	359	3	98
1951	16345	16037	16549	308	512	4	98
1952	16337	16039	16545	298	506	4	98
1953	16192	16038	16399	154	361	4	98
1954	16343	16041	16553	302	512	4	98
1955	16343	16035	16553	308	518	5	98
1956	16190	16037	16396	153	359	3	98
1957	16351	16040	16559	311	519	4	98
1958	16338	16038	16545	300	507	4	98
1959	16190	16036	16396	154	360	3	98
1960	16346	16041	16552	305	511	4	98
1961	16336	16040	16544	296	504	4	98
1962	16189	16036	16398	153	362	3	98
1963	16338	16038	16544	300	506	4	98
1964	16343	16039	16553	304	514	4	98
1965	16186	16036	16392	150	356	3	98
1966	16343	16036	16551	307	515	5	98
1967	16338	16037	16546	301	509	4	98
1968	16197	16036	16403	161	367	3	98
1969	16342	16040	16550	302	510	4	98
1970	16342	16037	16550	305	513	4	98
1971	16192	16036	16399	156	363	3	98
1972	16351	16038	16558	313	520	4	98
1973	16341	16036	16549	305	513	4	98
1974	16185	16037	16395	148	358	3	98
1975	16344	16040	16552	304	512	4	98
1976	16339	16036	16548	303	512	4	98
1977	16188	16037	16396	151	359	3	98
1978	16343	16038	16551	305	513	4	98
1979	16342	16038	16551	304	513	4	98
1980	16189	16036	16399	153	363	3	98
1981	16345	16037	16555	308	518	4	98
1982	16253	16037	16552	216	515	4	98
1983	16188	16037	16396	151	359	3	98
1984	16340	16037	16549	303	512	4	98
1985	16195	16037	16404	158	367	3	98
1986	16188	16038	16398	150	360	3	98
1987	16340	16038	16550	302	512	5	98
1988	16193	16037	16401	156	364	3	98
1989	16336	16040	16542	296	502	4	98
1990	16342	16039	16551	303	512	4	98
1991	16189	16036	16395	153	359	3	98
1992	16336	16038	16542	298	504	4	98
1993	16348	16035	16558	313	523	4	98
1994	16183	16035	16392	148	357	3	98
1995	16343	16040	16550	303	510	4	98
1996	16343	16039	16550	304	511	4	98
1997	16191	16035	16398	156	363	3	98
1998	16341	16040	16551	301	511	5	98
1999	16342	16036	16550	306	514	4	98
2000	16189	16037	16395	152	358	3	98
