ITERNUM	METIME
1	128283
2	128283
3	128284
4	128286
5	128286
6	128283
7	128284
8	128284
9	128279
10	128295
11	128281
12	128289
13	128284
14	128281
15	128288
16	128288
17	128284
18	128282
19	128284
20	128287
21	128292
22	128282
23	128289
24	128341
25	128283
26	128281
27	128281
28	128288
29	128404
30	128282
31	128285
32	128286
33	128283
34	128284
35	128277
36	128286
37	128289
38	128286
39	128293
40	128280
41	128282
42	128288
43	128288
44	128288
45	128291
46	128285
47	128284
48	128286
49	128284
50	128279
51	128292
52	128294
53	128290
54	128284
55	128286
56	128286
57	128285
58	128290
59	128284
60	128283
61	128288
62	128283
63	128282
64	128285
65	128286
66	128282
67	128282
68	128284
69	128283
70	128282
71	128283
72	128282
73	128280
74	128282
75	128283
76	128285
77	128280
78	128284
79	128285
80	128288
81	128284
82	128284
83	128293
84	128287
85	128413
86	128279
87	128294
88	128283
89	128283
90	128285
91	128283
92	128283
93	128288
94	128288
95	128288
96	128282
97	128284
98	128287
99	128275
100	128279
101	128285
102	128280
103	128288
104	128289
105	128282
106	128282
107	128292
108	128285
109	128283
110	128292
111	128285
112	128285
113	128293
114	128285
115	128280
116	128290
117	128287
118	128277
119	128285
120	128283
121	128289
122	128282
123	128283
124	128284
125	128287
126	128276
127	128284
128	128283
129	128287
130	128283
131	128283
132	128287
133	128282
134	128283
135	128289
136	128283
137	128286
138	128277
139	128283
140	128279
141	128405
142	128285
143	128285
144	128278
145	128281
146	128280
147	128285
148	128285
149	128291
150	128287
151	128284
152	128289
153	128283
154	128283
155	128283
156	128288
157	128282
158	128286
159	128282
160	128279
161	128279
162	128284
163	128285
164	128288
165	128290
166	128280
167	128282
168	128282
169	128283
170	128282
171	128286
172	128288
173	128285
174	128282
175	128284
176	128288
177	128282
178	128283
179	128286
180	128282
181	128284
182	128286
183	128278
184	128283
185	128277
186	128284
187	128278
188	128289
189	128277
190	128282
191	128293
192	128279
193	128279
194	128281
195	128285
196	128290
197	128405
198	128285
199	128291
200	128279
201	128281
202	128288
203	128284
204	128288
205	128288
206	128291
207	128286
208	128284
209	128283
210	128281
211	128285
212	128281
213	128284
214	128292
215	128285
216	128290
217	128285
218	128280
219	128285
220	128285
221	128285
222	128280
223	128280
224	128281
225	128278
226	128281
227	128280
228	128284
229	128282
230	128283
231	128286
232	128286
233	128292
234	128286
235	128286
236	128288
237	128285
238	128288
239	128280
240	128288
241	128281
242	128291
243	128284
244	128287
245	128289
246	128284
247	128288
248	128284
249	128287
250	128285
251	128286
252	128279
253	128401
254	128288
255	128293
256	128285
257	128281
258	128288
259	128282
260	128284
261	128287
262	128282
263	128284
264	128284
265	128283
266	128281
267	128285
268	128286
269	128285
270	128288
271	128281
272	128280
273	128281
274	128288
275	128289
276	128285
277	128285
278	128282
279	128286
280	128291
281	128292
282	128285
283	128286
284	128288
285	128286
286	128284
287	128286
288	128283
289	128287
290	128288
291	128283
292	128280
293	128284
294	128287
295	128287
296	128284
297	128293
298	128283
299	128276
300	128283
301	128282
302	128285
303	128288
304	128283
305	128284
306	128281
307	128284
308	128284
309	128405
310	128280
311	128294
312	128288
313	128285
314	128283
315	128287
316	128287
317	128314
318	128285
319	128284
320	128281
321	128283
322	128282
323	128283
324	128279
325	128289
326	128279
327	128287
328	128283
329	128279
330	128286
331	128289
332	128289
333	128288
334	128278
335	128287
336	128286
337	128287
338	128283
339	128288
340	128287
341	128280
342	128282
343	128285
344	128283
345	128286
346	128281
347	128287
348	128279
349	128283
350	128282
351	128279
352	128293
353	128281
354	128288
355	128282
356	128281
357	128293
358	128286
359	128285
360	128347
361	128287
362	128286
363	128283
364	128285
365	128525
366	128281
367	128295
368	128281
369	128287
370	128287
371	128282
372	128291
373	128287
374	128288
375	128280
376	128288
377	128282
378	128283
379	128282
380	128285
381	128281
382	128279
383	128287
384	128282
385	128282
386	128288
387	128294
388	128287
389	128283
390	128281
391	128282
392	128280
393	128288
394	128287
395	128281
396	128287
397	128285
398	128287
399	128280
400	128287
401	128287
402	128288
403	128285
404	128288
405	128282
406	128286
407	128286
408	128287
409	128282
410	128287
411	128282
412	128279
413	128291
414	128285
415	128292
416	128292
417	128282
418	128282
419	128286
420	128282
421	128414
422	128283
423	128296
424	128287
425	128281
426	128287
427	128285
428	128287
429	128282
430	128290
431	128281
432	128280
433	128282
434	128281
435	128293
436	128282
437	128298
438	128283
439	128280
440	128280
441	128280
442	128284
443	128294
444	128289
445	128289
446	128283
447	128283
448	128284
449	128290
450	128284
451	128288
452	128280
453	128280
454	128280
455	128278
456	128284
457	128288
458	128289
459	128292
460	128281
461	128283
462	128293
463	128282
464	128283
465	128289
466	128285
467	128282
468	128283
469	128291
470	128286
471	128293
472	128285
473	128283
474	128282
475	128288
476	128282
477	128401
478	128282
479	128301
480	128282
481	128280
482	128282
483	128282
484	128283
485	128285
486	128283
487	128283
488	128282
489	128283
490	128287
491	128287
492	128289
493	128285
494	128283
495	128283
496	128282
497	128288
498	128285
499	128289
500	128284
501	128283
502	128289
503	128282
504	128281
505	128283
506	128285
507	128284
508	128283
509	128283
510	128282
511	128280
512	128286
513	128286
514	128292
515	128282
516	128282
517	128283
518	128288
519	128282
520	128282
521	128289
522	128284
523	128282
524	128291
525	128283
526	128290
527	128288
528	128290
529	128288
530	128288
531	128287
532	128288
533	128401
534	128285
535	129085
536	128281
537	128285
538	128287
539	128297
540	128285
541	128290
542	128284
543	128281
544	128292
545	128286
546	128286
547	128287
548	128286
549	128284
550	128290
551	128285
552	128287
553	128281
554	128288
555	128292
556	128290
557	128281
558	128287
559	128283
560	128291
561	128282
562	128293
563	128285
564	128285
565	128281
566	128281
567	128289
568	128286
569	128285
570	128295
571	128282
572	128286
573	128289
574	128286
575	128285
576	128289
577	128286
578	128284
579	128283
580	128283
581	128281
582	128284
583	128286
584	128286
585	128294
586	128279
587	128293
588	128282
589	128400
590	128282
591	128852
592	128288
593	128283
594	128288
595	128283
596	128281
597	128294
598	128289
599	128278
600	128282
601	128289
602	128282
603	128284
604	128281
605	128293
606	128294
607	128280
608	128282
609	128280
610	128281
611	128289
612	128282
613	128287
614	128291
615	128289
616	128286
617	128289
618	128280
619	128284
620	128289
621	128282
622	128287
623	128284
624	128284
625	128287
626	128287
627	128287
628	128287
629	128286
630	128289
631	128287
632	128287
633	128287
634	128285
635	128281
636	128288
637	128282
638	128286
639	128288
640	128286
641	128287
642	128286
643	128286
644	128292
645	128281
646	128288
647	128285
648	128281
649	128288
650	128284
651	128292
652	128286
653	128290
654	128281
655	128279
656	128281
657	128285
658	128284
659	128284
660	128289
661	128282
662	128286
663	128281
664	128286
665	128287
666	128288
667	128289
668	128279
669	128285
670	128285
671	128281
672	128286
673	128282
674	128283
675	128288
676	128283
677	128282
678	128291
679	128284
680	128283
681	128283
682	128281
683	128288
684	128280
685	128282
686	128292
687	128284
688	128287
689	128287
690	128281
691	128285
692	128281
693	128287
694	128282
695	128295
696	128343
697	128287
698	128287
699	128293
700	128282
701	128406
702	128281
703	128287
704	128279
705	128281
706	128288
707	128281
708	128286
709	128286
710	128282
711	128281
712	128281
713	128283
714	128282
715	128283
716	128288
717	128286
718	128282
719	128282
720	128286
721	128288
722	128289
723	128289
724	128283
725	128282
726	128287
727	128285
728	128289
729	128284
730	128286
731	128283
732	128284
733	128286
734	128283
735	128285
736	128289
737	128285
738	128285
739	128283
740	128284
741	128289
742	129126
743	128281
744	128283
745	128282
746	128283
747	128283
748	128284
749	128287
750	128285
751	128286
752	128288
753	128281
754	128288
755	128288
756	128288
757	128288
758	128285
759	128283
760	128282
761	128288
762	128282
763	128285
764	128284
765	128292
766	128280
767	128286
768	128282
769	128283
770	128286
771	128287
772	128283
773	128287
774	128282
775	128288
776	128280
777	128282
778	128293
779	128286
780	128283
781	128281
782	128283
783	128287
784	128288
785	128282
786	128283
787	128287
788	128293
789	128285
790	128286
791	128287
792	128285
793	128289
794	128282
795	128281
796	128287
797	128283
798	128848
799	128280
800	128281
801	128287
802	128287
803	128286
804	128281
805	128285
806	128283
807	128281
808	128284
809	128288
810	128286
811	128282
812	128283
813	128282
814	128289
815	128280
816	128281
817	128288
818	128280
819	128281
820	128290
821	128287
822	128281
823	128288
824	128286
825	128290
826	128284
827	128287
828	128279
829	128286
830	128281
831	128281
832	128283
833	128295
834	128284
835	128287
836	128288
837	128280
838	128282
839	128280
840	128280
841	128278
842	128286
843	128282
844	128285
845	128286
846	128286
847	128286
848	128284
849	128281
850	128280
851	128291
852	128292
853	128281
854	129081
855	128283
856	128287
857	128284
858	128282
859	128280
860	128286
861	128280
862	128284
863	128287
864	128284
865	128289
866	128282
867	128285
868	128281
869	128286
870	128284
871	128286
872	128292
873	128281
874	128285
875	128286
876	128293
877	128284
878	128281
879	128288
880	128281
881	128281
882	128287
883	128286
884	128287
885	128285
886	128281
887	128290
888	128288
889	128292
890	128282
891	128282
892	128283
893	128279
894	128281
895	128286
896	128290
897	128288
898	128281
899	128281
900	128279
901	128283
902	128284
903	128283
904	128290
905	128286
906	128279
907	128288
908	128281
909	128287
910	128847
911	128280
912	128286
913	128284
914	128286
915	128293
916	128290
917	128294
918	128289
919	128290
920	128288
921	128286
922	128285
923	128284
924	128288
925	128289
926	128281
927	128279
928	128285
929	128282
930	128283
931	128286
932	128283
933	128285
934	128280
935	128284
936	128285
937	128289
938	128284
939	128281
940	128284
941	128281
942	128284
943	128283
944	128279
945	128287
946	128287
947	128278
948	128288
949	128284
950	128285
951	128285
952	128277
953	128284
954	128284
955	128284
956	128287
957	128289
958	128289
959	128286
960	128291
961	128286
962	128286
963	128281
964	128287
965	128281
966	129101
967	128282
968	128281
969	128288
970	128281
971	128290
972	128280
973	128284
974	128293
975	128282
976	128286
977	128283
978	128282
979	128288
980	128287
981	128287
982	128283
983	128283
984	128283
985	128282
986	128284
987	128289
988	128312
989	128282
990	128284
991	128283
992	128290
993	128289
994	128283
995	128283
996	128284
997	128290
998	128281
999	128283
1000	128286
