"ITERNUM"	"METIME1"	"METIME2"
1	2053321	2052564
2	2052493	2052535
3	2052538	2052519
4	2052516	2052507
5	2052497	2052504
6	2052514	2053192
7	2052629	2052515
8	2053315	2052488
9	2052525	2052550
10	2052607	2052583
11	2052495	2052694
12	2052560	2052521
13	2051961	2053195
14	2052649	2052504
15	2053258	2052487
16	2052525	2052517
17	2052483	2052507
18	2052512	2052521
19	2052507	2052484
20	2052503	2053190
21	2052622	2052494
22	2053403	2051480
23	2052612	2052696
24	2052488	2052525
25	2052531	2052503
26	2052515	2052510
27	2052529	2053220
28	2052616	2052494
29	2053275	2053293
30	2052493	2052535
31	2052567	2052511
32	2052502	2052501
33	2052493	2052524
34	2052525	2052621
35	2052641	2052505
36	2052531	2053290
37	2053288	2052546
38	2052531	2052460
39	2052521	2052524
40	2052521	2052495
41	2052523	2052633
42	2052649	2052501
43	2052520	2053297
44	2053265	2052647
45	2052494	2052529
46	2052524	2052517
47	2052509	2052735
48	2052534	2052630
49	2052646	2052509
50	2052489	2053321
51	2053320	2052581
52	2052556	2052532
53	2052502	2052523
54	2052508	2052512
55	2052535	2052658
56	2052648	2052507
57	2052528	2083040
58	2053291	2052495
59	2052519	2052497
60	2052527	2052514
61	2052533	2052516
62	2052495	2052621
63	2052647	2052506
64	2052478	2053277
65	2053278	2052525
66	2052511	2052530
67	2052497	2052504
68	2052537	2052521
69	2052519	2052613
70	2052647	2052509
71	2052484	2052518
72	2053267	2052545
73	2052570	2052507
74	2052528	2052520
75	2052528	2052684
76	2052503	2053433
77	2052624	2052490
78	2052467	2052499
79	2052525	2052507
80	2053309	2052509
81	2052504	2052511
82	2052516	2052549
83	2052542	2053267
84	2052596	2052535
85	2052531	2052518
86	2052514	2052526
87	2053307	2052470
88	2052504	2052587
89	2052536	2052544
90	2052513	2053182
91	2052641	2052510
92	2052507	2052487
93	2052538	2052555
94	2053251	2052507
95	2052522	2052525
96	2052527	2052525
97	2052495	2053195
98	2052645	2052495
99	2052492	2052831
100	2052512	2052509
101	2053299	2052527
102	2052532	2052514
103	2052501	2052534
104	2052529	2053178
105	2052661	2052515
106	2052496	2052479
107	2052503	2052521
108	2053298	2052468
109	2052499	2052489
110	2052502	2052953
111	2052516	2053198
112	2052632	2052510
113	2052523	2052504
114	2052507	2052533
115	2053299	2052518
116	2052497	2052517
117	2052534	2052506
118	2052496	2053198
119	2052620	2052483
120	2052472	2052632
121	2052513	2052529
122	2052479	2052534
123	2083183	2052493
124	2052512	2052526
125	2052522	2052629
126	2052638	2052456
127	2052489	2052860
128	2052508	2052498
129	2052517	2053330
130	2053287	2052528
131	2052510	2052508
132	2052508	2052642
133	2052619	2052502
134	2052504	2052525
135	2052502	2052466
136	2052497	2053292
137	2053291	2052493
138	2052521	2052498
139	2052504	2052653
140	2052639	2052520
141	2052525	2052517
142	2052521	2052511
143	2052498	2053311
144	2053280	2052506
145	2052516	2052508
146	2052519	2052648
147	2052663	2052502
148	2052254	2052512
149	2052536	2052534
150	2052509	2053327
151	2053295	2051817
152	2052517	2052551
153	2052517	2052626
154	2052650	2052520
155	2052495	2052493
156	2052504	2052525
157	2052508	2052496
158	2053299	2052512
159	2052510	2052521
160	2052539	2052646
161	2052618	2052570
162	2052447	2053005
163	2052408	2052511
164	2052555	2052534
165	2082988	2052505
166	2052523	2052488
167	2052510	2052640
168	2052637	2052509
169	2052512	2053077
170	2052511	2052505
171	2052498	2052525
172	2053287	2052502
173	2052596	2052583
174	2052501	2052650
175	2052652	2052539
176	2052519	2053067
177	2052502	2052492
178	2052504	2052506
179	2053418	2052533
180	2052509	2052528
181	2052528	2052654
182	2052510	2052508
183	2052508	2053070
184	2052514	2052516
185	2052508	2052518
186	2053381	2052483
187	2052507	2052505
188	2052489	2052625
189	2052496	2052502
190	2052542	2053067
191	2052515	2052503
192	2052510	2052491
193	2053436	2052539
194	2052519	2052469
195	2052512	2052636
196	2052522	2052502
197	2052505	2053063
198	2052509	2052492
199	2052490	2052630
200	2053531	2052505
201	2052508	2052529
202	2052501	2052518
203	2053085	2052558
204	2052502	2053150
205	2052561	2052709
206	2052494	2052621
207	2052655	2052540
208	2052517	2052511
209	2052509	2052514
210	2053090	2052500
211	2052499	2053043
212	2052601	2052512
213	2052502	2052619
214	2052621	2052507
215	2052521	2052870
216	2052484	2052862
217	2053090	2052514
218	2052515	2053042
219	2052524	2052488
220	2052501	2052731
221	2052748	2052476
222	2052499	2052490
223	2052186	2052502
224	2053080	2052505
225	2052522	2053026
226	2052531	2052523
227	2052482	2052619
228	2052615	2052516
229	2052481	2052504
230	2052505	2052520
231	2053080	2052528
232	2052524	2053086
233	2052488	2052502
234	2052461	2052636
235	2052673	2052504
236	2052578	2052507
237	2052535	2052513
238	2053097	2052532
239	2052596	2053091
240	2052509	2052497
241	2052475	2052753
242	2052713	2052479
243	2052513	2053313
244	2052497	2052491
245	2053073	2052515
246	2052513	2052542
247	2052554	2052512
248	2052504	2052618
249	2052644	2052518
250	2053130	2083181
251	2052500	2052518
252	2053071	2051330
253	2052522	2052516
254	2052493	2052515
255	2052493	2052631
256	2052622	2052501
257	2052501	2053319
258	2052543	2052553
259	2053083	2052517
260	2052516	2052532
261	2052488	2052502
262	2052514	2052775
263	2052754	2052485
264	2052529	2053299
265	2052510	2052506
266	2053096	2052512
267	2052481	2052498
268	2052526	2052513
269	2052514	2052638
270	2052624	2052523
271	2052496	2053309
272	2052523	2052564
273	2053083	2052528
274	2052520	2052500
275	2052493	2053067
276	2052513	2052631
277	2052632	2052517
278	2052612	2052570
279	2052503	2052485
280	2053099	2052578
281	2052531	2052531
282	2052499	2053055
283	2052539	2052759
284	2052721	2052507
285	2052492	2053323
286	2052509	2052490
287	2053093	2052493
288	2052504	2052552
289	2052521	2052518
290	2052518	2052632
291	2052640	2052493
292	2052518	2053277
293	2052507	2052530
294	2053092	2052520
295	2052574	2052518
296	2053009	2052521
297	2052488	2052653
298	2052642	2052512
299	2052512	2053288
300	2052519	2052647
301	2053065	2052556
302	2052509	2052496
303	2052503	2052512
304	2052513	2052765
305	2052748	2052519
306	2052515	2053319
307	2052576	2052514
308	2053107	2052499
309	2052516	2052503
310	2052512	2052507
311	2052561	2052621
312	2052605	2052503
313	2052539	2053293
314	2052497	2052536
315	2053088	2052506
316	2052496	2052398
317	2052767	2052548
318	2052501	2052625
319	2052645	2052496
320	2052505	2053323
321	2052519	2052511
322	2053096	2052555
323	2052589	2052489
324	2052546	2052524
325	2052401	2052757
326	2052593	2052513
327	2052506	2053260
328	2052504	2052489
329	2052511	2052515
330	2053104	2052516
331	2052514	2052524
332	2052507	2052616
333	2052890	2052505
334	2052640	2053063
335	2052504	2052531
336	2052516	2052490
337	2053069	2052541
338	2052490	2052507
339	2052488	2052640
340	2052667	2052498
341	2052524	2053089
342	2052516	2052493
343	2052499	2052894
344	2053101	2052845
345	2052507	2052504
346	2052507	2052821
347	2052824	2052514
348	2052634	2053122
349	2052523	2052241
350	2052495	2052529
351	2053111	2052532
352	2052507	2052535
353	2052490	2052639
354	2052611	2052519
355	2052501	2053082
356	2052504	2052514
357	2052522	2052537
358	2053091	2052510
359	2052515	2052544
360	2052517	2052635
361	2052621	2052513
362	2052500	2053036
363	2052517	2052532
364	2052516	2052514
365	2053092	2052506
366	2052501	2052506
367	2052493	2052832
368	2052817	2052495
369	2052479	2052498
370	2052505	2052498
371	2052490	2052511
372	2052509	2052481
373	2052502	2053308
374	2052498	2052685
375	2053441	2052497
376	2052523	2052529
377	2052508	2052501
378	2052504	2052534
379	2052495	2052510
380	2052501	2053296
381	2052517	2052645
382	2053440	2052534
383	2052510	2052504
384	2052476	2052491
385	2052537	2052499
386	2052509	2052506
387	2052513	2053316
388	2052502	2052840
389	2053617	2052480
390	2052517	2052514
391	2052485	2052537
392	2052490	2052512
393	2052477	2052507
394	2052499	2055155
395	2052507	2052631
396	2053416	2052497
397	2052497	2052501
398	2052535	2052561
399	2052500	2052539
400	2052511	2052500
401	2052524	2053288
402	2052510	2052629
403	2053432	2052518
404	2052530	2052494
405	2052518	2052481
406	2052518	2052570
407	2052516	2052507
408	2052513	2053298
409	2052505	2052805
410	2053614	2052516
411	2052509	2052492
412	2052521	2052504
413	2053117	2052534
414	2052536	2052531
415	2052504	2053299
416	2052525	2052638
417	2052548	2052527
418	2052525	2052511
419	2052654	2052497
420	2053097	2052514
421	2052604	2052515
422	2052512	2053290
423	2052523	2052642
424	2052546	2052491
425	2052497	2052435
426	2052494	2052502
427	2053081	2052523
428	2052618	2052505
429	2052261	2053492
430	2052507	2052788
431	2052563	2052481
432	2052507	2052509
433	2052490	2052486
434	2053163	2052542
435	2052954	2052498
436	2052107	2053311
437	2052534	2052629
438	2052508	2052541
439	2052519	2052491
440	2052511	2052513
441	2053105	2052611
442	2052632	2052531
443	2052488	2053309
444	2052515	2052490
445	2052502	2052529
446	2052604	2052499
447	2052500	2052536
448	2053065	2052695
449	2052630	2052509
450	2052508	2053290
451	2052535	2052586
452	2052477	2053075
453	2052515	2052516
454	2052512	2052495
455	2052485	2052679
456	2052656	2052615
457	2052517	2052513
458	2052518	2052519
459	2053337	2053087
460	2051888	2052520
461	2052468	2052488
462	2052522	2052632
463	2052628	2052539
464	2052516	2052495
465	2052532	2052514
466	2053306	2053083
467	2052508	2052537
468	2052512	2052576
469	2052486	2052566
470	2052601	2052472
471	2052499	2052510
472	2052508	2052580
473	2053358	2053087
474	2052483	2052508
475	2052592	2052433
476	2052489	2052623
477	2052645	2052543
478	2052497	2052524
479	2052512	2052506
480	2053297	2053074
481	2052486	2052519
482	2052489	2052504
483	2052514	2052635
484	2052651	2052512
485	2052493	2052504
486	2052498	2052447
487	2053282	2053581
488	2052523	2052563
489	2052480	2052491
490	2052503	2052589
491	2052625	2052981
492	2052490	2052538
493	2052509	2052583
494	2053356	2052526
495	2052516	2052515
496	2053099	2052506
497	2052507	2052662
498	2052453	2053446
499	2052533	2052652
500	2052531	2052521
