ITERNUM	METIME
1	513135
2	513135
3	513127
4	513129
5	513148
6	513140
7	513131
8	513130
9	513141
10	513137
11	513139
12	513129
13	513140
14	513137
15	513135
16	513128
17	513135
18	513135
19	513136
20	513144
21	513135
22	513134
23	513140
24	513129
25	513134
26	513137
27	513140
28	513133
29	513134
30	513130
31	513149
32	513131
33	513130
34	513144
35	513139
36	513136
37	513134
38	513139
39	513133
40	513138
41	513139
42	513134
43	513141
44	513142
45	513130
46	513143
47	513133
48	513141
49	513134
50	513134
51	513134
52	513135
53	513143
54	513129
55	513139
56	513140
57	513135
58	513139
59	513134
60	513135
61	513132
62	513132
63	513133
64	513137
65	513137
66	513136
67	513135
68	513133
69	513145
70	513135
71	513261
72	513142
73	513135
74	513124
75	513130
76	513143
77	513134
78	513131
79	513142
80	513136
81	513137
82	513144
83	513143
84	513129
85	513256
86	513137
87	513136
88	513138
89	513139
90	513142
91	513140
92	513132
93	513140
94	513135
95	513137
96	513132
97	513136
98	513133
99	513255
100	513135
101	513142
102	513134
103	513134
104	513136
105	513136
106	513132
107	513132
108	513137
109	513137
110	513134
111	513132
112	513141
113	513251
114	513143
115	513139
116	513135
117	513135
118	513145
119	513141
120	513140
121	513134
122	513136
123	513137
124	513138
125	513135
126	513133
127	513263
128	513162
129	513139
130	513135
131	513138
132	513140
133	513141
134	513137
135	513137
136	513138
137	513138
138	513137
139	513140
140	513138
141	513381
142	513136
143	513134
144	513140
145	513135
146	513138
147	513130
148	513139
149	513137
150	513138
151	513133
152	513136
153	513136
154	513133
155	513268
156	513137
157	513138
158	513140
159	513132
160	513143
161	513140
162	513139
163	513139
164	513146
165	513130
166	513136
167	513135
168	513143
169	513257
170	513133
171	513140
172	513136
173	513138
174	513133
175	513141
176	513132
177	513139
178	513149
179	513137
180	513130
181	513142
182	513144
183	513259
184	513137
185	513145
186	513137
187	513135
188	513140
189	513137
190	513141
191	513142
192	513143
193	513133
194	513140
195	513138
196	513142
197	513266
198	513134
199	513136
200	513134
201	513133
202	513137
203	513139
204	513133
205	513137
206	513141
207	513131
208	513138
209	513135
210	513133
211	513251
212	513142
213	513144
214	513134
215	513137
216	513136
217	513142
218	513144
219	513133
220	513140
221	513138
222	513132
223	513137
224	513133
225	513379
226	513144
227	513130
228	513132
229	513136
230	513139
231	513130
232	513140
233	513138
234	513147
235	513139
236	513138
237	513134
238	513137
239	513268
240	513138
241	513139
242	513140
243	513133
244	513136
245	513140
246	513136
247	513137
248	513145
249	513142
250	513143
251	513140
252	513143
253	513260
254	513142
255	513139
256	513139
257	513135
258	513134
259	513141
260	513139
261	513136
262	513143
263	513136
264	513132
265	513139
266	513143
267	513253
268	513137
269	513139
270	513136
271	513140
272	513133
273	513143
274	513141
275	513134
276	513136
277	513142
278	513140
279	513134
280	513145
281	513262
282	513136
283	513149
284	513143
285	513140
286	513138
287	513140
288	513137
289	513137
290	513136
291	513131
292	513139
293	513140
294	513135
295	513263
296	513136
297	513145
298	513137
299	513135
300	513127
301	513141
302	513139
303	513141
304	513142
305	513133
306	513132
307	513140
308	513198
309	513384
310	513136
311	513143
312	513142
313	513138
314	513134
315	513139
316	513132
317	513136
318	513142
319	513140
320	513138
321	513142
322	513130
323	513270
324	513139
325	513140
326	513136
327	513137
328	513134
329	513125
330	513144
331	513128
332	513145
333	513133
334	513126
335	513140
336	513139
337	513253
338	513139
339	513138
340	513136
341	513132
342	513138
343	513133
344	513131
345	513135
346	513143
347	513139
348	513138
349	513139
350	513138
351	513256
352	513137
353	513146
354	513139
355	513134
356	513129
357	513143
358	513138
359	513135
360	513144
361	513141
362	513138
363	513138
364	513131
365	513260
366	513138
367	513142
368	513137
369	513136
370	513133
371	513140
372	513143
373	513137
374	513134
375	513143
376	513138
377	513131
378	513141
379	513135
380	513141
381	513142
382	513139
383	513138
384	513133
385	513132
386	513132
387	513140
388	513144
389	513138
390	513132
391	513140
392	513195
393	513257
394	513141
395	513146
396	513138
397	513143
398	513136
399	513132
400	513131
401	513141
402	513143
403	513135
404	513134
405	513138
406	513134
407	513131
408	513138
409	513147
410	513140
411	513137
412	513140
413	513134
414	513132
415	513137
416	513151
417	513132
418	513134
419	513141
420	513133
421	513139
422	513138
423	513144
424	513141
425	513137
426	513140
427	513141
428	513135
429	513136
430	513130
431	513147
432	513131
433	513134
434	513138
435	513134
436	513141
437	513143
438	513143
439	513142
440	513139
441	513132
442	513135
443	513137
444	513135
445	513137
446	513140
447	513129
448	513141
449	513131
450	513138
451	513921
452	513133
453	513132
454	513129
455	513138
456	513128
457	513133
458	513141
459	513133
460	513138
461	513140
462	513139
463	513137
464	513128
465	513748
466	513143
467	513143
468	513146
469	513149
470	513137
471	513145
472	513140
473	513135
474	513136
475	513136
476	513194
477	513138
478	513136
479	513927
480	513139
481	513138
482	513138
483	513139
484	513137
485	513140
486	513135
487	513145
488	513136
489	513135
490	513145
491	513130
492	513137
493	513744
494	513130
495	513135
496	513141
497	513137
498	513131
499	513138
500	513140
501	513142
502	513142
503	513138
504	513145
505	513138
506	513130
507	513909
508	513135
509	513139
510	513131
511	513141
512	513133
513	513137
514	513139
515	513130
516	513144
517	513132
518	513147
519	513135
520	513138
521	513735
522	513149
523	513137
524	513138
525	513137
526	513138
527	513138
528	513130
529	513138
530	513149
531	513137
532	513132
533	513142
534	513143
535	513137
536	513140
537	513131
538	513134
539	513141
540	513151
541	513138
542	513130
543	513135
544	513136
545	513131
546	513156
547	513135
548	513136
549	513167
550	513134
551	513142
552	513148
553	513150
554	513142
555	513143
556	513141
557	513136
558	513139
559	513138
560	513144
561	513137
562	513135
563	513136
564	513134
565	513135
566	513135
567	513145
568	513133
569	513135
570	513138
571	513140
572	513138
573	513139
574	513139
575	513132
576	513136
577	513142
578	513138
579	513134
580	513143
581	513145
582	513137
583	513133
584	513143
585	513138
586	513136
587	513131
588	513139
589	513135
590	513136
591	513137
592	513136
593	513136
594	513142
595	513147
596	513131
597	513129
598	513139
599	513143
600	513141
601	513138
602	513148
603	513140
604	513135
605	513136
606	513133
607	513140
608	513137
609	513142
610	513135
611	513140
612	513128
613	513134
614	513135
615	513139
616	513140
617	513144
618	513132
619	513126
620	513132
621	513131
622	513918
623	513136
624	513133
625	513132
626	513135
627	513134
628	513140
629	513136
630	513134
631	513132
632	513139
633	513129
634	513168
635	513139
636	513749
637	513145
638	513138
639	513144
640	513138
641	513142
642	513130
643	513144
644	513144
645	513139
646	513135
647	513137
648	513134
649	513140
650	513918
651	513145
652	513140
653	513134
654	513136
655	513133
656	513139
657	513133
658	513147
659	513135
660	513262
661	513135
662	513138
663	513135
664	536793
665	513148
666	513140
667	513132
668	513137
669	513134
670	513139
671	513129
672	513146
673	513133
674	513254
675	513132
676	513137
677	513137
678	513716
679	513148
680	513142
681	513130
682	513133
683	513141
684	513135
685	513140
686	513141
687	513133
688	513255
689	513132
690	513139
691	513136
692	513920
693	513134
694	513141
695	513139
696	513131
697	513140
698	513137
699	513134
700	513134
701	513137
702	513257
703	513139
704	513144
705	513140
706	513136
707	513136
708	513135
709	513143
710	513140
711	513137
712	513132
713	513131
714	513135
715	513136
716	513255
717	513134
718	513140
719	513133
720	513142
721	513133
722	513137
723	513133
724	513138
725	513145
726	513140
727	513136
728	513139
729	513131
730	513372
731	513140
732	513135
733	513135
734	513135
735	513137
736	513139
737	513133
738	513136
739	513145
740	513133
741	513134
742	513134
743	513135
744	513269
745	513134
746	513142
747	513133
748	513135
749	513134
750	513132
751	513129
752	513127
753	513139
754	513145
755	513138
756	513140
757	513134
758	513257
759	513134
760	513139
761	513136
762	513136
763	513134
764	513148
765	513138
766	513143
767	513139
768	513139
769	513137
770	513140
771	513141
772	513256
773	513131
774	513141
775	513136
776	513137
777	513134
778	513136
779	513138
780	513141
781	513130
782	513131
783	513139
784	513130
785	513136
786	513262
787	513135
788	513142
789	513133
790	513141
791	513141
792	513136
793	513135
794	513139
795	513135
796	513134
797	513140
798	513143
799	513131
800	513258
801	513136
802	513171
803	513134
804	513129
805	513141
806	513134
807	513136
808	513139
809	513137
810	513133
811	513136
812	513142
813	513196
814	513383
815	513137
816	513142
817	513135
818	513134
819	513144
820	513137
821	513137
822	513133
823	513139
824	513133
825	513137
826	513137
827	513141
828	513269
829	513139
830	513144
831	513137
832	513136
833	513131
834	513134
835	513140
836	513140
837	513140
838	513131
839	513135
840	513135
841	513134
842	513260
843	513134
844	513137
845	513137
846	513131
847	513135
848	513134
849	513134
850	513139
851	513149
852	513136
853	513132
854	513144
855	513130
856	513266
857	513149
858	513139
859	513135
860	513145
861	513141
862	513133
863	513141
864	513140
865	513141
866	513140
867	513137
868	513139
869	513145
870	513253
871	513139
872	513133
873	513133
874	513138
875	513140
876	513129
877	513137
878	513138
879	513143
880	513140
881	513133
882	513139
883	513140
884	513255
885	513140
886	513139
887	513130
888	513130
889	513144
890	513136
891	513126
892	513133
893	513139
894	513139
895	513138
896	513131
897	513192
898	513384
899	513134
900	513144
901	513133
902	513137
903	513137
904	513135
905	513130
906	513136
907	513146
908	513142
909	513141
910	513138
911	513138
912	513263
913	513138
914	513145
915	513138
916	513133
917	513136
918	513136
919	513136
920	513135
921	513135
922	513137
923	513140
924	513139
925	513136
926	513267
927	513133
928	513135
929	513130
930	513133
931	513131
932	513128
933	513137
934	513133
935	513134
936	513132
937	513139
938	513140
939	513140
940	513253
941	513137
942	513140
943	513133
944	513137
945	513134
946	513133
947	513136
948	513145
949	513141
950	513138
951	513139
952	513136
953	513137
954	513256
955	513142
956	513136
957	513139
958	513134
959	513138
960	513133
961	513139
962	513132
963	513142
964	513728
965	513131
966	513135
967	513135
968	513135
969	513138
970	513167
971	513135
972	513139
973	513141
974	513138
975	513131
976	513136
977	513145
978	513937
979	513133
980	513132
981	513194
982	513260
983	513139
984	513140
985	513134
986	513142
987	513129
988	513134
989	513136
990	513136
991	513135
992	513712
993	513137
994	513138
995	513136
996	513140
997	513135
998	513136
999	513127
1000	513137
