ITERNUM	METIME
1	128285
2	128282
3	128280
4	128287
5	128285
6	128285
7	128286
8	128282
9	128287
10	128286
11	128287
12	128287
13	128284
14	128288
15	128284
16	128287
17	128284
18	128283
19	128285
20	128284
21	128281
22	128281
23	128290
24	128286
25	128283
26	128286
27	128282
28	128286
29	128406
30	128283
31	128849
32	128286
33	128285
34	128284
35	128286
36	128284
37	128281
38	128284
39	128285
40	128285
41	128286
42	128285
43	128284
44	128283
45	128284
46	128284
47	128290
48	128285
49	128285
50	128285
51	128283
52	128284
53	128286
54	128279
55	128284
56	128280
57	128280
58	128286
59	128282
60	128279
61	128288
62	128280
63	128284
64	128280
65	128292
66	128285
67	128280
68	128283
69	128286
70	128281
71	128285
72	128284
73	128288
74	128284
75	128284
76	128288
77	128284
78	128283
79	128285
80	128283
81	128288
82	128290
83	128282
84	128284
85	128288
86	128282
87	129092
88	128280
89	128285
90	128284
91	128285
92	128286
93	128283
94	128284
95	128286
96	128284
97	128279
98	128289
99	128286
100	128289
101	128289
102	128289
103	128287
104	128283
105	128283
106	128287
107	128283
108	128288
109	128279
110	128281
111	128282
112	128281
113	128283
114	128283
115	128286
116	128286
117	128283
118	128286
119	128285
120	128279
121	128285
122	128278
123	128285
124	128279
125	128286
126	128284
127	128285
128	128283
129	128283
130	128283
131	128284
132	128281
133	128289
134	128287
135	128288
136	128282
137	128283
138	128284
139	128287
140	128290
141	128284
142	128285
143	128845
144	128284
145	128284
146	128285
147	128285
148	128283
149	128284
150	128283
151	128284
152	128286
153	128286
154	128286
155	128282
156	128284
157	128285
158	128284
159	128284
160	128285
161	128287
162	128288
163	128287
164	128286
165	128278
166	128288
167	128288
168	128291
169	128291
170	128284
171	128286
172	128286
173	128286
174	128284
175	128280
176	128286
177	128283
178	128284
179	128282
180	128287
181	128280
182	128279
183	128287
184	128283
185	128284
186	128286
187	128284
188	128285
189	128287
190	128285
191	128280
192	128286
193	128286
194	128283
195	128285
196	128281
197	128278
198	128280
199	129091
200	128282
201	128289
202	128284
203	128284
204	128284
205	128288
206	128286
207	128283
208	128284
209	128284
210	128288
211	128284
212	128285
213	128292
214	128283
215	128283
216	128283
217	128280
218	128287
219	128286
220	128281
221	128288
222	128289
223	128283
224	128288
225	128284
226	128285
227	128284
228	128284
229	128280
230	128282
231	128280
232	128282
233	128280
234	128283
235	128287
236	128283
237	128286
238	128283
239	128281
240	128286
241	128282
242	128284
243	128280
244	128283
245	128283
246	128281
247	128284
248	128285
249	128283
250	128281
251	128287
252	128288
253	128288
254	128282
255	128839
256	128287
257	128290
258	128281
259	128283
260	128284
261	128286
262	128286
263	128286
264	128284
265	128286
266	128285
267	128286
268	128279
269	128280
270	128280
271	128281
272	128290
273	128283
274	128286
275	128284
276	128281
277	128285
278	128284
279	128283
280	128286
281	128283
282	128281
283	128281
284	128286
285	128286
286	128282
287	128286
288	128284
289	128281
290	128291
291	128283
292	128281
293	128284
294	128290
295	128281
296	128282
297	128281
298	128285
299	128284
300	128285
301	128286
302	128288
303	128287
304	128285
305	128284
306	128284
307	128286
308	128285
309	128285
310	128282
311	129082
312	128286
313	128286
314	128286
315	128286
316	128281
317	128284
318	128286
319	128279
320	128287
321	128280
322	128290
323	128278
324	128286
325	128283
326	128290
327	128287
328	128282
329	128284
330	128286
331	128284
332	128286
333	128285
334	128280
335	128284
336	128286
337	128282
338	128280
339	128283
340	128285
341	128284
342	128288
343	128289
344	128283
345	128286
346	128284
347	128282
348	128283
349	128288
350	128287
351	128290
352	128284
353	128282
354	128282
355	128280
356	128287
357	128284
358	128283
359	128289
360	128284
361	128284
362	128282
363	128282
364	128290
365	128282
366	128291
367	128839
368	128288
369	128283
370	128290
371	128283
372	128283
373	128284
374	128283
375	128282
376	128280
377	128289
378	128284
379	128286
380	128286
381	128288
382	128284
383	128290
384	128282
385	128290
386	128282
387	128284
388	128283
389	128285
390	128283
391	128288
392	128283
393	128290
394	128284
395	128291
396	128280
397	128287
398	128282
399	128288
400	128285
401	128282
402	128284
403	128286
404	128283
405	128283
406	128286
407	128287
408	128285
409	128288
410	128284
411	128293
412	128284
413	128286
414	128285
415	128284
416	128288
417	128287
418	128290
419	128284
420	128288
421	128284
422	128285
423	129082
424	128282
425	128286
426	128280
427	128286
428	128283
429	128284
430	128283
431	128282
432	128289
433	128282
434	128288
435	128284
436	128281
437	128284
438	128283
439	128285
440	128288
441	128287
442	128283
443	128284
444	128283
445	128283
446	128283
447	128288
448	128286
449	128283
450	128284
451	128285
452	128283
453	128288
454	128287
455	128288
456	128290
457	128289
458	128284
459	128285
460	128283
461	128289
462	128282
463	128282
464	128290
465	128285
466	128283
467	128288
468	128283
469	128283
470	128286
471	128285
472	128282
473	128288
474	128282
475	128288
476	128282
477	128289
478	128281
479	128839
480	128283
481	128283
482	128289
483	128286
484	128290
485	128283
486	128289
487	128284
488	128284
489	128284
490	128286
491	128286
492	128286
493	128286
494	128285
495	128282
496	128285
497	128289
498	128281
499	128285
500	128285
501	128286
502	128286
503	128285
504	128284
505	128283
506	128286
507	128289
508	128283
509	128283
510	128284
511	128290
512	128283
513	128286
514	128286
515	128286
516	128283
517	128284
518	128283
519	128288
520	128284
521	128283
522	128289
523	128283
524	128286
525	128284
526	128284
527	128292
528	128284
529	128288
530	128284
531	128286
532	128287
533	128281
534	128288
535	128282
536	128288
537	128283
538	128285
539	128286
540	128284
541	128280
542	128284
543	128287
544	128282
545	128284
546	128293
547	128284
548	128284
549	128289
550	128285
551	128287
552	128283
553	128282
554	128280
555	128284
556	128284
557	128283
558	128282
559	128287
560	128284
561	128282
562	128284
563	128284
564	128286
565	128282
566	128288
567	128282
568	128283
569	128289
570	128282
571	128282
572	128290
573	128283
574	128282
575	128281
576	128283
577	128281
578	128281
579	128284
580	128283
581	128284
582	128287
583	128289
584	128283
585	128284
586	128286
587	128283
588	128282
589	128288
590	128280
591	128292
592	128285
593	128283
594	128284
595	128281
596	128291
597	128283
598	128284
599	128290
600	128279
601	128283
602	128286
603	128281
604	128284
605	128284
606	128279
607	128283
608	128292
609	128284
610	128285
611	128290
612	128288
613	128284
614	128287
615	128288
616	128286
617	128285
618	128286
619	128283
620	128282
621	128286
622	128283
623	128286
624	128284
625	128284
626	128279
627	128285
628	128282
629	128282
630	129094
631	128283
632	128283
633	128280
634	128283
635	128285
636	128284
637	128284
638	128285
639	128287
640	128285
641	128290
642	128285
643	128288
644	128284
645	128283
646	128408
647	128284
648	128284
649	128283
650	128291
651	128285
652	128280
653	128311
654	128288
655	128283
656	128287
657	128282
658	128284
659	128280
660	128286
661	128280
662	128288
663	128282
664	128282
665	128282
666	128282
667	128279
668	128284
669	128285
670	128288
671	128284
672	128285
673	128285
674	128283
675	128282
676	128282
677	128283
678	128283
679	128284
680	128284
681	128290
682	128283
683	128290
684	128283
685	128289
686	128838
687	128285
688	128282
689	128287
690	128284
691	128282
692	128287
693	128285
694	128285
695	128284
696	128282
697	128284
698	128283
699	128284
700	128289
701	128282
702	128410
703	128282
704	128282
705	128293
706	128282
707	128286
708	128282
709	128286
710	128283
711	128288
712	128282
713	128288
714	128282
715	128282
716	128284
717	128285
718	128283
719	128284
720	128283
721	128286
722	128283
723	128285
724	128281
725	128284
726	128286
727	128286
728	128286
729	128285
730	128287
731	128286
732	128288
733	128286
734	128282
735	128285
736	128285
737	128283
738	128286
739	128286
740	128282
741	128286
742	128286
743	128284
744	128283
745	128284
746	128286
747	128282
748	128285
749	128286
750	128284
751	128284
752	128285
753	128288
754	128286
755	128285
756	128286
757	128284
758	128416
759	128288
760	128285
761	128286
762	128286
763	128285
764	128283
765	128285
766	128289
767	128286
768	128283
769	128284
770	128283
771	128286
772	128283
773	128283
774	128284
775	128284
776	128283
777	128282
778	128282
779	128285
780	128282
781	128288
782	128283
783	128281
784	128284
785	128282
786	128284
787	128284
788	128284
789	128284
790	128282
791	128287
792	128283
793	128284
794	128285
795	128287
796	128288
797	128284
798	128285
799	128282
800	128288
801	128282
802	128285
803	128285
804	128290
805	128283
806	128280
807	128294
808	128286
809	128281
810	128285
811	128287
812	128281
813	128287
814	128404
815	128282
816	128288
817	128282
818	128282
819	128287
820	128284
821	128284
822	128286
823	128284
824	128290
825	128284
826	128282
827	128289
828	128287
829	128281
830	128286
831	128290
832	128286
833	128283
834	128283
835	128288
836	128288
837	128287
838	128289
839	128287
840	128287
841	128290
842	128289
843	128286
844	128286
845	128280
846	128283
847	128281
848	128287
849	128288
850	128289
851	128284
852	128283
853	128283
854	128289
855	128283
856	128283
857	128283
858	128285
859	128287
860	128289
861	128288
862	128290
863	128283
864	128282
865	128286
866	128282
867	128288
868	128286
869	128289
870	128411
871	128279
872	128283
873	128284
874	128291
875	128287
876	128284
877	128283
878	128290
879	128285
880	128282
881	128286
882	128283
883	128283
884	128287
885	128285
886	128290
887	128284
888	128284
889	128290
890	128284
891	128288
892	128286
893	128290
894	128281
895	128290
896	128284
897	128288
898	128284
899	128289
900	128286
901	128290
902	128282
903	128288
904	128284
905	128283
906	128291
907	128280
908	128282
909	128289
910	128287
911	128288
912	128283
913	128281
914	128283
915	128283
916	128283
917	128284
918	128281
919	128283
920	128284
921	128291
922	128286
923	128283
924	128287
925	128280
926	128406
927	128284
928	128285
929	128286
930	128277
931	128286
932	128280
933	128284
934	128285
935	128288
936	128284
937	128280
938	128285
939	128287
940	128286
941	128287
942	128286
943	128279
944	128284
945	128287
946	128279
947	128285
948	128291
949	128282
950	128280
951	128288
952	128289
953	128288
954	128288
955	128288
956	128291
957	128280
958	128280
959	128279
960	128282
961	128282
962	128284
963	128289
964	128290
965	128288
966	128284
967	128285
968	128289
969	128282
970	128291
971	128284
972	128282
973	128289
974	128284
975	128283
976	128293
977	128287
978	128284
979	128284
980	128285
981	128288
982	128401
983	128283
984	128287
985	128284
986	128284
987	128286
988	128285
989	128284
990	128288
991	128289
992	128284
993	128286
994	128284
995	128283
996	128285
997	128286
998	128284
999	128284
1000	128285
