ITERNUM	METIME
1	2004
2	2004
3	2006
4	2004
5	2004
6	2004
7	2004
8	2004
9	2004
10	2006
11	2001
12	2006
13	2004
14	2000
15	2004
16	2004
17	2003
18	2004
19	2006
20	2004
21	2004
22	2004
23	2004
24	2004
25	2004
26	2006
27	2003
28	2006
29	2004
30	2001
31	2004
32	2004
33	2000
34	2004
35	2006
36	2000
37	2006
38	2004
39	2003
40	2004
41	2004
42	2004
43	2004
44	2006
45	2004
46	2004
47	2004
48	2004
49	2003
50	2004
51	2006
52	2001
53	2006
54	2004
55	2000
56	2004
57	2004
58	2000
59	2004
60	2006
61	2002
62	2004
63	2004
64	2004
65	2004
66	2004
67	2006
68	2004
69	2006
70	2004
71	2004
72	2004
73	2004
74	2003
75	2004
76	2006
77	2000
78	2004
79	2004
80	2000
81	2004
82	2004
83	2002
84	2004
85	2006
86	2001
87	2004
88	2004
89	2003
90	2004
91	2004
92	2006
93	2004
94	2004
95	2004
96	2004
97	2004
98	2004
99	2006
100	2004
101	2006
102	2004
103	2004
104	2004
105	2004
106	2004
107	2004
108	2005
109	2004
110	2004
111	2001
112	2004
113	2004
114	2001
115	2006
116	2004
117	2006
118	2004
119	2004
120	2004
121	1999
122	2004
123	2004
124	2006
125	2004
126	2004
127	2004
128	2000
129	2004
130	2004
131	2005
132	2004
133	2006
134	2004
135	2003
136	2004
137	2004
138	1999
139	2004
140	2006
141	2004
142	2006
143	2004
144	2004
145	2002
146	2004
147	2004
148	2001
149	2006
150	2004
151	2004
152	2004
153	2004
154	2004
155	1999
156	2006
157	2004
158	2005
159	2004
160	2004
161	2004
162	2004
163	2006
164	2004
165	2001
166	2004
167	2004
168	2003
169	2004
170	2004
171	2004
172	2006
173	2004
174	2004
175	1999
176	2004
177	2004
178	2003
179	2006
180	2004
181	2006
182	2004
183	2004
184	2004
185	1999
186	2004
187	2004
188	2004
189	2004
190	2004
191	2004
192	2004
193	2004
194	2004
195	2003
196	2004
197	2006
198	2000
199	2004
200	2004
201	2004
202	2004
203	2004
204	2006
205	2004
206	2004
207	2004
208	2000
209	2004
210	2004
211	2121
212	2004
213	2006
214	2004
215	2004
216	2004
217	2004
218	2003
219	2004
220	2006
221	2000
222	2004
223	2004
224	2001
225	2004
226	2004
227	2006
228	2004
229	2006
230	2004
231	2004
232	2004
233	2004
234	2000
235	2004
236	2006
237	2000
238	2006
239	2004
240	2003
241	2004
242	2004
243	2006
244	2004
245	2006
246	2004
247	2003
248	2004
249	2004
250	2000
251	2004
252	2006
253	2000
254	2006
255	2004
256	2003
257	2004
258	2004
259	2006
260	2004
261	2006
262	2004
263	2003
264	2004
265	2004
266	2000
267	2004
268	2006
269	2000
270	2006
271	2004
272	2002
273	2004
274	2004
275	2006
276	2004
277	2006
278	2004
279	2004
280	2004
281	2004
282	2003
283	2004
284	2006
285	2000
286	2006
287	2004
288	2000
289	2004
290	2004
291	2001
292	2004
293	2006
294	2003
295	2004
296	2004
297	2004
298	2004
299	2004
300	2006
301	2004
302	2006
303	2004
304	2003
305	2004
306	2004
307	2001
308	2004
309	2006
310	2000
311	2004
312	2004
313	2000
314	2004
315	2004
316	2003
317	2004
318	2006
319	2003
320	2004
321	2004
322	2004
323	2004
324	2004
325	2006
326	2004
327	2004
328	2004
329	2004
330	2004
331	2004
332	2005
333	2004
334	2006
335	2001
336	2004
337	2004
338	2000
339	2004
340	2004
341	2002
342	2004
343	2004
344	2000
345	2004
346	2004
347	2000
348	2006
349	2004
350	2003
351	2004
352	2004
353	2003
354	2004
355	2004
356	2004
357	2006
358	2004
359	2004
360	2004
361	2004
362	2004
363	2004
364	2006
365	2004
366	2006
367	2004
368	2004
369	2004
370	2004
371	2004
372	2004
373	2006
374	2004
375	2003
376	2004
377	2004
378	2002
379	2004
380	2006
381	2001
382	2006
383	2004
384	2000
385	2004
386	2004
387	2000
388	2004
389	2006
390	2000
391	2004
392	2004
393	2000
394	2004
395	2004
396	2002
397	2004
398	2006
399	2000
400	2004
401	2004
402	2000
403	2004
404	2004
405	2002
406	2004
407	2006
408	2000
409	2004
410	2004
411	2000
412	2006
413	2004
414	2002
415	2004
416	2004
417	2000
418	2004
419	2004
420	2000
421	2006
422	2004
423	2002
424	2004
425	2004
426	2000
427	2004
428	2004
429	2000
430	2006
431	2004
432	2000
433	2004
434	2004
435	2000
436	2004
437	2006
438	2000
439	2006
440	2004
441	2000
442	2004
443	2004
444	2000
445	2004
446	2006
447	2000
448	2004
449	2004
450	2000
451	2004
452	2004
453	2002
454	2004
455	2006
456	2000
457	2004
458	2004
459	2000
460	2004
461	2004
462	2002
463	2004
464	2006
465	2000
466	2004
467	2004
468	2000
469	2006
470	2004
471	2002
472	2004
473	2004
474	2001
475	2004
476	2004
477	2000
478	2006
479	2004
480	2002
481	2004
482	2004
483	2000
484	2004
485	2004
486	2000
487	2006
488	2004
489	2000
490	2004
491	2004
492	2000
493	2004
494	2006
495	2000
496	2006
497	2004
498	2001
499	2004
500	2004
501	2001
502	2004
503	2006
504	2001
505	2004
506	2004
507	2001
508	2004
509	2004
510	2003
511	2004
512	2006
513	2001
514	2004
515	2004
516	2002
517	2004
518	2004
519	2003
520	2004
521	2004
522	2002
523	2004
524	2004
525	2001
526	2006
527	2004
528	2003
529	2004
530	2004
531	2002
532	2004
533	2004
534	2001
535	2006
536	2004
537	2002
538	2004
539	2004
540	2002
541	2004
542	2006
543	2001
544	2006
545	2004
546	2001
547	2004
548	2004
549	2001
550	2004
551	2006
552	2001
553	2004
554	2004
555	2001
556	2004
557	2004
558	2003
559	2004
560	2006
561	2001
562	2004
563	2004
564	2001
565	2004
566	2004
567	2002
568	2004
569	2004
570	2000
571	2004
572	2004
573	2000
574	2006
575	2004
576	2002
577	2004
578	2004
579	2000
580	2004
581	2004
582	2000
583	2006
584	2004
585	2000
586	2004
587	2004
588	2000
589	2004
590	2006
591	2000
592	2006
593	2004
594	2000
595	2004
596	2004
597	2000
598	2004
599	2006
600	2000
601	2004
602	2004
603	2000
604	2004
605	2004
606	2003
607	2004
608	2006
609	2001
610	2004
611	2004
612	2002
613	2004
614	2004
615	2004
616	2004
617	2004
618	2003
619	2004
620	2004
621	2004
622	2006
623	2004
624	2006
625	2004
626	2004
627	2004
628	2004
629	2004
630	2004
631	2006
632	2004
633	2004
634	2004
635	2004
636	2004
637	2004
638	2006
639	2004
640	2006
641	2004
642	2004
643	2004
644	2004
645	2004
646	2004
647	2006
648	2004
649	2004
650	2003
651	2004
652	2004
653	2002
654	2006
655	2004
656	2004
657	2004
658	2004
659	2001
660	2004
661	2006
662	2000
663	2006
664	2004
665	2000
666	2004
667	2004
668	2000
669	2004
670	2006
671	2000
672	2006
673	2004
674	2000
675	2004
676	2004
677	2002
678	2004
679	2007
680	2001
681	2004
682	2004
683	2002
684	2004
685	2004
686	2005
687	2004
688	2004
689	2004
690	2004
691	2004
692	2004
693	2006
694	2004
695	2006
696	2004
697	2004
698	2004
699	2004
700	2004
701	2004
702	2006
703	2004
704	2004
705	2004
706	2004
707	2000
708	2004
709	2006
710	2000
711	2006
712	2004
713	2000
714	2004
715	2004
716	2002
717	2004
718	2006
719	2004
720	2006
721	2004
722	2004
723	2004
724	2004
725	2006
726	2004
727	2006
728	2004
729	2004
730	2004
731	2004
732	2004
733	2004
734	2004
735	2004
736	2006
737	2004
738	2003
739	2004
740	2004
741	2003
742	2004
743	2004
744	2002
745	2006
746	2004
747	2001
748	2004
749	2004
750	2001
751	2004
752	2004
753	2000
754	2006
755	2004
756	2000
757	2004
758	2004
759	2000
760	2004
761	2006
762	2000
763	2006
764	2004
765	2001
766	2004
767	2004
768	2003
769	2004
770	2006
771	2004
772	2006
773	2004
774	2004
775	2004
776	2004
777	2004
778	2004
779	2006
780	2004
781	2004
782	2004
783	2004
784	2004
785	2004
786	2006
787	2003
788	2006
789	2004
790	2003
791	2004
792	2004
793	2001
794	2004
795	2006
796	2000
797	2004
798	2004
799	2000
800	2004
801	2004
802	2002
803	2004
804	2006
805	2000
806	2004
807	2004
808	2000
809	2004
810	2004
811	2003
812	2004
813	2006
814	2000
815	2004
816	2004
817	2001
818	2004
819	2004
820	2004
821	2004
822	2004
823	2003
824	2004
825	2004
826	2004
827	2006
828	2004
829	2006
830	2004
831	2004
832	2004
833	2004
834	2004
835	2004
836	2006
837	2004
838	2004
839	2004
840	2004
841	2004
842	2004
843	2006
844	2004
845	2006
846	2004
847	2004
848	2004
849	2004
850	2004
851	2004
852	2006
853	2004
854	2005
855	2004
856	2004
857	2003
858	2004
859	2006
860	2001
861	2006
862	2004
863	2002
864	2004
865	2004
866	2001
867	2004
868	2006
869	2000
870	2006
871	2004
872	2000
873	2004
874	2004
875	2000
876	2004
877	2006
878	2000
879	2004
880	2004
881	2000
882	2004
883	2004
884	2002
885	2004
886	2006
887	2000
888	2004
889	2004
890	2000
891	2004
892	2004
893	2002
894	2004
895	2004
896	2000
897	2004
898	2004
899	2000
900	2006
901	2004
902	2002
903	2004
904	2004
905	2000
906	2004
907	2004
908	2000
909	2006
910	2004
911	2000
912	2004
913	2004
914	2000
915	2004
916	2006
917	2000
918	2006
919	2004
920	2000
921	2004
922	2004
923	2000
924	2004
925	2006
926	2000
927	2006
928	2004
929	2000
930	2004
931	2004
932	2000
933	2004
934	2006
935	2000
936	2004
937	2004
938	2000
939	2004
940	2004
941	2002
942	2004
943	2006
944	2000
945	2004
946	2004
947	2000
948	2004
949	2004
950	2002
951	2004
952	2004
953	2000
954	2004
955	2004
956	2000
957	2006
958	2004
959	2002
960	2004
961	2004
962	2000
963	2004
964	2004
965	2000
966	2006
967	2004
968	2000
969	2004
970	2004
971	2000
972	2004
973	2006
974	2000
975	2006
976	2004
977	2000
978	2004
979	2004
980	2000
981	2004
982	2006
983	2000
984	2006
985	2004
986	2000
987	2004
988	2004
989	2004
990	1999
991	2006
992	2004
993	2004
994	1999
995	2004
996	2004
997	2004
998	2000
999	2004
1000	2006
