"ITERNUM"	"METIME1"	"METIME2"
1	8019	8020
2	8020	8013
3	8020	8019
4	8014	8019
5	8021	8012
6	8019	8020
7	8013	8019
8	8021	8010
9	8020	8019
10	8014	8019
11	8021	8009
12	8021	8020
13	8014	8019
14	8022	8010
15	8021	8019
16	8014	8019
17	8019	8012
18	8021	8019
19	8013	8019
20	8019	8012
21	8022	8019
22	8014	8017
23	8019	8011
24	8021	8019
25	8014	8017
26	8021	8012
27	8021	8019
28	8014	8018
29	8021	8012
30	8021	8019
31	8012	8019
32	8022	8012
33	8021	8020
34	8012	8019
35	8021	8011
36	8022	8017
37	8012	8019
38	8021	8012
39	8021	8017
40	8014	8019
41	8021	8012
42	8021	8017
43	8014	8019
44	8020	8013
45	8019	8018
46	8017	8019
47	8017	8016
48	8019	8013
49	8021	8019
50	8014	8018
51	8021	8012
52	8021	8019
53	8014	8017
54	8021	8012
55	8021	8019
56	8012	8020
57	8022	8012
58	8021	8020
59	8012	8019
60	8021	8012
61	8021	8019
62	8012	8019
63	8018	8015
64	8022	8012
65	8021	8019
66	8014	8019
67	8021	8010
68	8021	8020
69	8014	8019
70	8019	8012
71	8021	8019
72	8014	8020
73	8019	8012
74	8021	8019
75	8016	8017
76	8014	8017
77	8021	8012
78	8022	8017
79	8014	8020
80	8021	8012
81	8021	8017
82	8014	8020
83	8021	8012
84	8019	8019
85	8015	8019
86	8015	8018
87	8020	8012
88	8021	8019
89	8014	8018
90	8019	8012
91	8022	8019
92	8014	8017
93	8021	8012
94	8022	8015
95	8020	8017
96	8014	8020
97	8021	8012
98	8020	8019
99	8014	8019
100	8021	8012
101	8019	8018
102	8017	8020
103	8015	8017
104	8019	8012
105	8023	8021
106	8014	8018
107	8021	8012
108	8021	8019
109	8014	8017
110	8021	8012
111	8021	8019
112	8012	8019
113	8019	8014
114	8021	8014
115	8019	8019
116	8014	8019
117	8021	8010
118	8019	8020
119	8014	8019
120	8021	8010
121	8022	8019
122	8014	8019
123	8021	8011
124	8021	8015
125	8020	8019
126	8012	8019
127	8022	8012
128	8021	8019
129	8012	8019
130	8021	8012
131	8022	8017
132	8012	8019
133	8018	8016
134	8021	8010
135	8021	8019
136	8014	8019
137	8021	8010
138	8022	8019
139	8014	8019
140	8019	8012
141	8021	8015
142	8020	8019
143	8013	8020
144	8021	8012
145	8021	8018
146	8012	8019
147	8021	8012
148	8021	8015
149	8019	8020
150	8014	8019
151	8021	8010
152	8021	8020
153	8014	8019
154	8019	8012
155	8021	8016
156	8019	8020
157	8012	8020
158	8021	8013
159	8021	8018
160	8014	8019
161	8022	8012
162	8022	8012
163	8021	8020
164	8014	8019
165	8019	8012
166	8021	8019
167	8014	8020
168	8017	8015
169	8021	8012
170	8021	8019
171	8012	8019
172	8021	8012
173	8021	8018
174	8016	8019
175	8014	8019
176	8021	8011
177	8021	8020
178	8014	8020
179	8019	8012
180	8021	8013
181	8021	8019
182	8012	8019
183	8021	8012
184	8021	8019
185	8013	8019
186	8014	8019
187	8021	8011
188	8021	8019
189	8015	8019
190	8021	8011
191	8021	8013
192	8021	8019
193	8012	8019
194	8021	8012
195	8021	8017
196	8016	8020
197	8014	8019
198	8021	8011
199	8020	8019
200	8015	8020
201	8016	8016
202	8021	8013
203	8021	8019
204	8015	8017
205	8021	8013
206	8021	8013
207	8019	8019
208	8014	8019
209	8021	8013
210	8019	8015
211	8021	8019
212	8014	8017
213	8019	8013
214	8021	8019
215	8016	8017
216	8014	8019
217	8021	8013
218	8021	8018
219	8014	8019
220	8015	8019
221	8020	8013
222	8022	8019
223	8014	8019
224	8015	8017
225	8021	8012
226	8022	8018
227	8014	8019
228	8023	8013
229	8021	8016
230	8017	8019
231	8015	8019
232	8021	8010
233	8022	8020
234	8014	8019
235	8019	8012
236	8021	8020
237	8014	8019
238	8019	8012
239	8021	8019
240	8014	8018
241	8018	8016
242	8021	8012
243	8021	8017
244	8014	8019
245	8021	8012
246	8019	8020
247	8014	8020
248	8021	8012
249	8019	8019
250	8015	8019
251	8016	8018
252	8019	8012
253	8021	8019
254	8015	8017
255	8022	8012
256	8021	8020
257	8014	8017
258	8021	8012
259	8021	8017
260	8019	8017
261	8014	8019
262	8021	8012
263	8019	8020
264	8014	8019
265	8021	8012
266	8020	8019
267	8014	8020
268	8017	8014
269	8021	8013
270	8021	8019
271	8014	8018
272	8021	8012
273	8021	8020
274	8012	8019
275	8021	8012
276	8021	8014
277	8019	8019
278	8014	8019
279	8021	8012
280	8019	8020
281	8014	8019
282	8021	8010
283	8022	8016
284	8019	8019
285	8014	8018
286	8021	8012
287	8021	8019
288	8013	8020
289	8021	8012
290	8022	8017
291	8016	8020
292	8014	8020
293	8021	8012
294	8019	8019
295	8014	8019
296	8021	8010
297	8021	8016
298	8019	8019
299	8015	8018
300	8021	8012
301	8021	8019
302	8012	8020
303	8021	8012
304	8021	8015
305	8018	8019
306	8015	8019
307	8021	8012
308	8019	8020
309	8014	8020
310	8021	8011
311	8021	8012
312	8022	8019
313	8014	8018
314	8021	8012
315	8021	8019
316	8012	8019
317	8018	8016
318	8021	8012
319	8019	8019
320	8014	8019
321	8021	8011
322	8020	8019
323	8016	8019
324	8014	8020
325	8021	8012
326	8021	8019
327	8014	8017
328	8021	8012
329	8021	8014
330	8019	8019
331	8014	8020
332	8021	8013
333	8020	8019
334	8014	8019
335	8017	8015
336	8019	8013
337	8021	8020
338	8014	8017
339	8021	8012
340	8022	8017
341	8019	8017
342	8014	8020
343	8021	8013
344	8019	8019
345	8014	8020
346	8019	8015
347	8019	8012
348	8021	8019
349	8014	8018
350	8019	8012
351	8021	8017
352	8018	8017
353	8014	8020
354	8021	8013
355	8021	8017
356	8014	8019
357	8016	8018
358	8019	8013
359	8021	8019
360	8014	8019
361	8019	8013
362	8021	8012
363	8021	8017
364	8012	8020
365	8021	8013
366	8021	8014
367	8020	8019
368	8014	8019
369	8022	8011
370	8021	8019
371	8015	8019
372	8013	8019
373	8021	8013
374	8021	8019
375	8012	8020
376	8017	8017
377	8021	8011
378	8019	8019
379	8014	8019
380	8021	8011
381	8021	8012
382	8021	8019
383	8014	8017
384	8021	8012
385	8021	8016
386	8017	8019
387	8015	8019
388	8021	8012
389	8020	8019
390	8015	8019
391	8015	8018
392	8019	8014
393	8021	8019
394	8015	8017
395	8016	8018
396	8021	8012
397	8021	8018
398	8015	8019
399	8019	8015
400	8019	8012
401	8021	8019
402	8014	8019
403	8019	8012
404	8021	8013
405	8021	8017
406	8013	8019
407	8021	8012
408	8021	8013
409	8020	8019
410	8015	8019
411	8021	8010
412	8021	8019
413	8017	8020
414	8012	8020
415	8021	8013
416	8021	8014
417	8019	8019
418	8015	8019
419	8019	8014
420	8136	8013
421	8021	8019
422	8015	8017
423	8015	8019
424	8022	8013
425	8021	8011
426	8021	8020
427	8015	8019
428	8014	8019
429	8021	8013
430	8022	8018
431	8016	8020
432	8015	8019
433	8022	8011
434	8020	8013
435	8021	8019
436	8015	8017
437	8015	8020
438	8021	8013
439	8022	8013
440	8021	8019
441	8015	8020
442	8018	8014
443	8021	8013
444	8022	8019
445	8013	8019
446	8015	8019
447	8021	8011
448	8019	8013
449	8021	8019
450	8015	8018
451	8018	8017
452	8021	8013
453	8021	8018
454	8015	8019
455	8015	8019
456	8019	8013
457	8021	8013
458	8021	8019
459	8012	8020
460	8016	8018
461	8021	8011
462	8020	8019
463	8016	8019
464	8015	8017
465	8021	8013
466	8021	8013
467	8021	8017
468	8015	8019
469	8015	8019
470	8019	8013
471	8021	8018
472	8018	8019
473	8013	8019
474	8022	8013
475	8021	8011
476	8021	8019
477	8015	8019
478	8016	8017
479	8016	8019
480	8021	8014
481	8021	8012
482	8021	8013
483	8021	8019
484	8014	8019
485	8015	8019
486	8016	8019
487	8016	8017
488	8021	8013
489	8021	8012
490	8019	8014
491	8021	8019
492	8015	8018
493	8016	8019
494	8015	8019
495	8021	8012
496	8021	8013
497	8021	8014
498	8019	8019
499	8017	8020
500	8015	8019
501	8013	8019
502	8020	8016
503	8021	8012
504	8021	8013
505	8021	8017
506	8020	8017
507	8015	8019
508	8016	8019
509	8017	8016
510	8021	8013
511	8021	8014
512	8019	8016
513	8021	8019
514	8015	8020
515	8013	8020
516	8017	8018
517	8021	8012
518	8022	8013
519	8021	8016
520	8021	8018
521	8015	8020
522	8015	8019
523	8015	8017
524	8021	8013
525	8021	8013
526	8019	8016
527	8020	8019
528	8015	8020
529	8013	8019
530	8019	8017
531	8021	8011
532	8021	8014
533	8021	8019
534	8018	8018
535	8015	8019
536	8016	8019
537	8021	8012
538	8021	8013
539	8021	8013
540	8020	8019
541	8015	8019
542	8015	8020
543	8013	8021
544	8021	8013
545	8021	8012
546	8021	8015
547	8021	8019
548	8015	8017
549	8016	8020
550	8020	8015
551	8020	8013
552	8021	8014
553	8021	8020
554	8013	8020
555	8015	8020
556	8015	8019
557	8021	8013
558	8022	8013
559	8021	8014
560	8020	8019
561	8015	8019
562	8016	8017
563	8021	8013
564	8021	8014
565	8021	8011
566	8021	8019
567	8015	8019
568	8013	8019
569	8018	8017
570	8021	8013
571	8020	8013
572	8021	8020
573	8015	8017
574	8016	8019
575	8015	8020
576	8022	8011
577	8021	8014
578	8021	8019
579	8015	8019
580	8015	8019
581	8015	8019
582	8019	8013
583	8021	8014
584	8021	8018
585	8016	8019
586	8015	8019
587	8015	8018
588	8021	8013
589	8021	8013
590	8021	8015
591	8019	8019
592	8015	8019
593	8014	8019
594	8021	8013
595	8021	8013
596	8019	8017
597	8019	8019
598	8015	8020
599	8013	8019
600	8022	8013
601	8021	8011
602	8022	8014
603	8021	8019
604	8016	8017
605	8016	8019
606	8016	8019
607	8014	8019
608	8019	8016
609	8021	8014
610	8019	8014
611	8021	8014
612	8021	8015
613	8019	8020
614	8016	8019
615	8016	8017
616	8016	8020
617	8016	8019
618	8022	8012
619	8021	8014
620	8021	8014
621	8019	8014
622	8022	8019
623	8016	8020
624	8014	8019
625	8016	8019
626	8016	8018
627	8019	8016
628	8021	8013
629	8021	8012
630	8021	8014
631	8022	8019
632	8015	8017
633	8016	8019
634	8016	8019
635	8014	8019
636	8021	8014
637	8021	8014
638	8019	8014
639	8021	8016
640	8020	8018
641	8013	8019
642	8016	8019
643	8015	8017
644	8021	8014
645	8021	8014
646	8021	8011
647	8021	8014
648	8021	8019
649	8014	8020
650	8015	8019
651	8016	8019
652	8017	8016
653	8022	8013
654	8021	8012
655	8019	8013
656	8021	8019
657	8016	8017
658	8016	8019
659	8015	8019
660	8018	8015
661	8021	8013
662	8021	8013
663	8019	8013
664	8022	8020
665	8015	8019
666	8014	8020
667	8015	8020
668	8024	8012
669	8019	8014
670	8023	8013
671	8021	8015
672	8020	8020
673	8015	8022
674	8015	8017
675	8016	8019
676	8021	8014
677	8019	8013
678	8021	8014
679	8021	8019
680	8014	8019
681	8015	8019
682	8015	8018
683	8018	8015
684	8021	8014
685	8021	8012
686	8021	8017
687	8019	8019
688	8015	8017
689	8015	8020
690	8017	8018
691	8019	8013
692	8021	8013
693	8021	8015
694	8019	8019
695	8016	8019
696	8015	8017
697	8014	8019
698	8021	8013
699	8021	8011
700	8021	8014
701	8021	8019
702	8015	8017
703	8016	8019
704	8016	8019
705	8019	8013
706	8021	8013
707	8021	8014
708	8020	8019
709	8015	8019
710	8015	8018
711	8015	8019
712	8021	8014
713	8021	8012
714	8021	8015
715	8021	8019
716	8015	8018
717	8015	8019
718	8017	8017
719	8020	8013
720	8021	8013
721	8021	8018
722	8017	8019
723	8015	8019
724	8015	8017
725	8019	8014
726	8022	8014
727	8021	8012
728	8021	8014
729	8021	8014
730	8021	8012
731	8021	8014
732	8021	8014
733	8019	8014
734	8021	8014
735	8021	8014
736	8019	8014
737	8021	8014
738	8021	8012
739	8021	8014
740	8021	8014
741	8021	8013
742	8021	8014
743	8021	8014
744	8021	8013
745	8021	8014
746	8021	8015
747	8019	8014
748	8022	8014
749	8021	8014
750	8019	8014
751	8021	8014
752	8021	8012
753	8021	8014
754	8021	8014
755	8021	8012
756	8021	8014
757	8021	8014
758	8019	8014
759	8021	8014
760	8021	8014
761	8019	8014
762	8021	8016
763	8021	8014
764	8019	8014
765	8021	8014
766	8021	8012
767	8021	8014
768	8021	8014
769	8021	8012
770	8021	8014
771	8021	8014
772	8019	8014
773	8021	8014
774	8021	8015
775	8019	8016
776	8021	8017
777	8020	8017
778	8016	8019
779	8017	8019
780	8016	8017
781	8016	8019
782	8016	8019
783	8016	8017
784	8016	8020
785	8016	8019
786	8014	8019
787	8016	8019
788	8016	8020
789	8014	8019
790	8016	8019
791	8016	8018
792	8014	8020
793	8016	8019
794	8016	8017
795	8016	8020
796	8016	8019
797	8016	8017
798	8016	8019
799	8017	8019
800	8014	8019
801	8019	8019
802	8016	8019
803	8015	8019
804	8016	8019
805	8016	8017
806	8015	8020
807	8016	8019
808	8017	8017
809	8017	8019
810	8017	8019
811	8018	8017
812	8018	8019
813	8018	8019
814	8017	8019
815	8018	8019
816	8018	8018
817	8017	8019
818	8018	8019
819	8019	8017
820	8016	8019
821	8018	8019
822	8019	8017
823	8018	8019
824	8018	8019
825	8018	8017
826	8017	8019
827	8017	8019
828	8015	8020
829	8016	8019
830	8016	8019
831	8015	8019
832	8016	8019
833	8016	8017
834	8014	8019
835	8016	8019
836	8016	8017
837	8016	8019
838	8016	8019
839	8016	8018
840	8016	8019
841	8016	8019
842	8014	8019
843	8016	8019
844	8016	8019
845	8014	8019
846	8016	8020
847	8016	8017
848	8016	8019
849	8016	8019
850	8016	8018
851	8016	8019
852	8016	8019
853	8014	8019
854	8016	8019
855	8016	8019
856	8014	8019
857	8017	8019
858	8019	8017
859	8018	8016
860	8021	8014
861	8021	8012
862	8021	8014
863	8021	8014
864	8021	8012
865	8022	8014
866	8021	8014
867	8019	8014
868	8021	8014
869	8021	8014
870	8020	8014
871	8021	8801
872	8021	8014
873	8019	8014
874	8021	8014
875	8021	8014
876	8020	8016
877	8021	8019
878	8018	8017
879	8016	8020
880	8016	8019
881	8016	8017
882	8016	8019
883	8016	8019
884	8014	8019
885	8016	8020
886	8016	8019
887	8014	8019
888	8016	8019
889	8016	8019
890	8015	8019
891	8020	8015
892	8021	8012
893	8021	8014
894	8022	8014
895	8021	8012
896	8021	8014
897	8021	8014
898	8019	8014
899	8021	8014
900	8021	8014
901	8019	8014
902	8022	8018
903	8019	8017
904	8015	8019
905	8016	8019
906	8016	8017
907	8016	8019
908	8016	8019
909	8016	8017
910	8016	8019
911	8016	8019
912	8016	8018
913	8016	8019
914	8019	8016
915	8019	8014
916	8022	8014
917	8021	8014
918	8019	8014
919	8021	8014
920	8021	8012
921	8021	8014
922	8021	8014
923	8021	8014
924	8020	8019
925	8017	8019
926	8016	8017
927	8016	8019
928	8016	8019
929	8014	8019
930	8016	8020
931	8016	8019
932	8014	8019
933	8019	8017
934	8021	8012
935	8021	8014
936	8021	8014
937	8021	8012
938	8021	8014
939	8021	8014
940	8019	8014
941	8021	8016
942	8020	8019
943	8015	8019
944	8016	8019
945	8016	8020
946	8014	8019
947	8016	8019
948	8016	8017
949	8016	8019
950	8018	8017
951	8021	8012
952	8021	8014
953	8021	8014
954	8019	8014
955	8021	8014
956	8021	8014
957	8019	8015
958	8021	8019
959	8017	8017
960	8014	8019
961	8016	8019
962	8016	8017
963	8016	8020
964	8016	8019
965	8016	8017
966	8020	8015
967	8022	8014
968	8019	8014
969	8021	8014
970	8021	8014
971	8019	8014
972	8021	8015
973	8021	8017
974	8017	8019
975	8016	8019
976	8016	8017
977	8016	8019
978	8016	8019
979	8017	8016
980	8021	8014
981	8021	8014
982	8021	8014
983	8021	8014
984	8021	8016
985	8018	8019
986	8016	8019
987	8016	8017
988	8015	8019
989	8016	8019
990	8018	8015
991	8021	8014
992	8021	8014
993	8022	8012
994	8021	8014
995	8022	8019
996	8018	8019
997	8016	8019
998	8016	8019
999	8014	8019
1000	8016	8019
