ITERNUM	METIME	PRTIME	TPRTIME	DIFF	TDIFF	NRPROCS	NPROCS
1	64144	64137	64349	7	212	6	96
2	64141	64135	64346	6	211	6	96
3	64143	64135	64348	8	213	7	96
4	64142	64136	64344	6	208	5	96
5	64143	64135	64347	8	212	6	96
6	64141	64133	64344	8	211	6	96
7	64144	64134	64350	10	216	7	96
8	64142	64136	64344	6	208	5	96
9	64144	64136	64347	8	211	7	96
10	64141	64134	64345	7	211	6	96
11	64138	64132	64343	6	211	6	96
12	64141	64132	64342	9	210	6	96
13	64141	64135	64348	6	213	6	96
14	64144	64137	64348	7	211	5	96
15	64141	64135	64347	6	212	5	96
16	64143	64136	64347	7	211	5	96
17	64141	64135	64344	6	209	6	96
18	64144	64135	64346	9	211	6	96
19	64142	64136	64346	6	210	5	96
20	64140	64133	64346	7	213	6	96
21	64717	64146	64919	571	773	9	97
22	64140	64132	64344	8	212	6	96
23	64141	64133	64345	8	212	6	96
24	64143	64136	64345	7	209	6	96
25	64144	64136	64347	8	211	6	96
26	64141	64134	64346	7	212	7	96
27	64144	64135	64348	9	213	7	96
28	64142	64136	64348	6	212	5	97
29	64144	64137	64348	7	211	5	96
30	64138	64131	64341	7	210	5	96
31	64144	64135	64348	9	213	7	96
32	64141	64135	64345	6	210	5	96
33	64144	64138	64348	6	210	5	96
34	64144	64136	64347	8	211	6	96
35	64141	64135	64345	6	210	5	96
36	64144	64136	64346	8	210	6	96
37	64136	64130	64339	6	209	5	96
38	64144	64136	64346	8	210	6	96
39	64142	64136	64346	6	210	5	96
40	64143	64135	64348	8	213	7	96
41	64141	64134	64345	7	211	6	96
42	64141	64134	64344	7	210	5	96
43	64142	64134	64346	8	212	7	96
44	64141	64135	64346	6	211	6	96
45	64143	64135	64347	8	212	6	96
46	64134	64125	64339	9	214	6	96
47	64144	64136	64346	8	210	6	96
48	64141	64135	64346	6	211	6	96
49	64144	64136	64348	8	212	6	96
50	64141	64135	64346	6	211	6	96
51	64144	64135	64347	9	212	6	96
52	64142	64134	64345	8	211	6	96
53	64141	64134	64346	7	212	7	96
54	64144	64136	64346	8	210	6	96
55	64136	64130	64338	6	208	5	96
56	64145	64136	64349	9	213	7	96
57	64144	64135	64348	9	213	6	96
58	64139	64130	64345	9	215	7	97
59	64145	64138	64347	7	209	6	96
60	64140	64133	64344	7	211	5	96
61	64144	64136	64348	8	212	6	96
62	64143	64136	64348	7	212	7	96
63	64137	64131	64343	6	212	5	96
64	64144	64137	64348	7	211	6	96
65	64143	64135	64345	8	210	6	96
66	64142	64135	64346	7	211	6	96
67	64145	64138	64349	7	211	5	96
68	64138	64130	64342	8	212	6	96
69	64145	64138	64351	7	213	5	96
70	64144	64138	64346	6	208	5	96
71	64142	64132	64344	10	212	7	96
72	64145	64137	64350	8	213	7	96
73	64138	64130	64344	8	214	6	96
74	64140	64132	64344	8	212	6	96
75	64146	64138	64349	8	211	6	96
76	64140	64132	64347	8	215	7	96
77	64143	64135	64350	8	215	8	96
78	64141	64133	64343	8	210	6	96
79	64140	64132	64345	8	213	7	96
80	64147	64139	64351	8	212	6	96
81	64139	64133	64343	6	210	5	96
82	64145	64138	64351	7	213	5	96
83	64139	64132	64344	7	212	7	96
84	64144	64138	64346	6	208	5	96
85	64140	64133	64347	7	214	6	96
86	64144	64136	64348	8	212	6	96
87	64141	64133	64345	8	212	6	96
88	64139	64133	64345	6	212	5	96
89	64148	64140	64349	8	209	5	96
90	64139	64132	64343	7	211	6	96
91	64146	64138	64352	8	214	6	96
92	64139	64132	64341	7	209	6	96
93	64147	64141	64349	6	208	5	96
94	64139	64132	64343	7	211	6	96
95	64144	64137	64347	7	210	6	96
96	64141	64134	64343	7	209	5	96
97	64145	64138	64348	7	210	7	96
98	64140	64132	64344	8	212	6	96
99	64143	64135	64347	8	212	6	96
100	64140	64133	64344	7	211	5	96
101	64144	64137	64348	7	211	6	96
102	64141	64134	64345	7	211	5	96
103	64143	64136	64347	7	211	6	96
104	64140	64134	64342	6	208	5	96
105	64141	64134	64345	7	211	5	96
106	64139	64132	64341	7	209	6	96
107	64149	64141	64352	8	211	5	96
108	64138	64131	64342	7	211	6	96
109	64141	64132	64345	9	213	6	96
110	64144	64138	64346	6	208	5	96
111	64140	64133	64344	7	211	5	96
112	64138	64131	64344	7	213	6	96
113	64146	64137	64350	9	213	6	96
114	64258	64134	64461	124	327	7	97
115	64138	64131	64342	7	211	6	96
116	64147	64140	64349	7	209	5	96
117	64139	64133	64341	6	208	5	96
118	64147	64138	64348	9	210	6	96
119	64140	64134	64344	6	210	5	96
120	64140	64133	64347	7	214	6	96
121	64144	64137	64346	7	209	6	96
122	64140	64132	64344	8	212	6	96
123	64139	64133	64344	6	211	6	96
124	64145	64138	64346	7	208	5	96
125	64138	64131	64342	7	211	5	96
126	64144	64137	64349	7	212	7	96
127	64141	64134	64345	7	211	5	96
128	64139	64132	64341	7	209	6	96
129	64146	64139	64350	7	211	5	96
130	64138	64132	64344	6	212	5	96
131	64147	64140	64352	7	212	6	96
132	64138	64131	64342	7	211	6	96
133	64143	64135	64347	8	212	6	96
134	64144	64137	64346	7	209	6	96
135	64142	64136	64344	6	208	5	96
136	64144	64134	64347	10	213	6	96
137	64144	64137	64346	7	209	6	96
138	64141	64134	64345	7	211	5	96
139	64140	64134	64342	6	208	5	96
140	64146	64139	64350	7	211	5	96
141	64139	64133	64341	6	208	5	96
142	64140	64133	64346	7	213	5	96
143	64140	64134	64345	6	211	6	96
144	64146	64138	64351	8	213	7	96
145	64142	64134	64347	8	213	7	96
146	64140	64134	64342	6	208	5	96
147	64145	64137	64349	8	212	6	96
148	64138	64130	64345	8	215	7	96
149	64141	64134	64343	7	209	5	96
150	64145	64139	64352	6	213	6	97
151	64140	64131	64344	9	213	7	96
152	64139	64133	64343	6	210	5	96
153	64147	64139	64349	8	210	6	96
154	64138	64131	64342	7	211	6	96
155	64140	64133	64342	7	209	6	96
156	64145	64138	64349	7	211	5	96
157	64138	64132	64342	6	210	5	96
158	64146	64138	64350	8	212	6	96
159	64140	64133	64347	7	214	7	96
160	64140	64132	64342	8	210	6	96
161	64144	64138	64348	6	210	5	96
162	64142	64134	64344	8	210	6	96
163	64140	64132	64341	8	209	6	96
164	64146	64139	64348	7	209	5	96
165	64138	64132	64340	6	208	5	96
166	64145	64139	64349	6	210	5	96
167	64140	64132	64344	8	212	6	96
168	64138	64130	64342	8	212	6	96
169	64146	64138	64352	8	214	6	96
170	64139	64132	64341	7	209	6	96
171	64146	64138	64350	8	212	6	96
172	64138	64131	64342	7	211	6	96
173	64147	64139	64351	8	212	6	96
174	64139	64133	64341	6	208	5	96
175	64139	64132	64341	7	209	6	96
176	64144	64137	64348	7	211	6	96
177	64140	64134	64344	6	210	5	96
178	64147	64140	64351	7	211	5	96
179	64139	64133	64343	6	210	5	96
180	64146	64139	64349	7	210	6	96
181	64139	64132	64341	7	209	6	96
182	64141	64134	64343	7	209	5	96
183	64143	64136	64347	7	211	6	96
184	64148	64139	64351	9	212	6	96
185	64141	64134	64345	7	211	6	96
186	64141	64135	64343	6	208	5	96
187	64144	64136	64348	8	212	6	96
188	64140	64132	64344	8	212	6	96
189	64144	64135	64345	9	210	6	96
190	64141	64134	64345	7	211	6	96
191	64142	64134	64346	8	212	6	96
192	64142	64136	64347	6	211	6	96
193	64142	64133	64346	9	213	7	96
194	64142	64135	64345	7	210	7	96
195	64140	64133	64348	7	215	6	96
196	64141	64134	64343	7	209	6	96
197	64142	64134	64344	8	210	6	96
198	64143	64136	64347	7	211	5	96
199	64140	64133	64346	7	213	6	96
200	64143	64135	64347	8	212	6	96
201	64145	64137	64348	8	211	7	96
202	64142	64135	64347	7	212	6	96
203	64141	64134	64345	7	211	6	96
204	64144	64135	64346	9	211	6	96
205	64141	64134	64347	7	213	6	96
206	64141	64135	64343	6	208	5	96
207	64141	64135	64347	6	212	5	96
208	64136	64129	64341	7	212	7	96
209	64143	64134	64349	9	215	6	96
210	64142	64135	64345	7	210	7	96
211	64144	64136	64348	8	212	6	97
212	64142	64135	64346	7	211	6	96
213	64143	64136	64346	7	210	6	96
214	64142	64134	64346	8	212	6	96
215	64139	64132	64344	7	212	6	96
216	64147	64139	64349	8	210	6	96
217	64137	64129	64340	8	211	6	96
218	64140	64133	64342	7	209	5	96
219	64146	64139	64350	7	211	6	96
220	64140	64133	64344	7	211	5	96
221	64138	64131	64341	7	210	7	96
222	64148	64140	64352	8	212	6	96
223	64139	64133	64341	6	208	5	96
224	64141	64133	64345	8	212	6	96
225	64146	64140	64350	6	210	5	96
226	64140	64134	64342	6	208	5	96
227	64138	64131	64344	7	213	6	96
228	64139	64133	64343	6	210	5	96
229	64149	64142	64353	7	211	5	96
230	64140	64132	64343	8	211	6	96
231	64140	64133	64344	7	211	5	96
232	64145	64139	64349	6	210	5	96
233	64143	64134	64347	9	213	6	96
234	64138	64131	64342	7	211	6	96
235	64147	64139	64353	8	214	6	96
236	64137	64131	64341	6	210	5	96
237	64142	64136	64348	6	212	5	96
238	64144	64137	64348	7	211	5	96
239	64138	64132	64342	6	210	5	96
240	64142	64135	64344	7	209	5	96
241	64145	64139	64351	6	212	5	96
242	64141	64133	64343	8	210	6	96
243	64139	64133	64341	6	208	5	96
244	64941	64162	65140	779	978	8	97
245	64140	64134	64342	6	208	5	96
246	64141	64132	64343	9	211	6	96
247	64139	64132	64343	7	211	6	96
248	64148	64140	64352	8	212	7	96
249	64142	64135	64344	7	209	6	96
250	64140	64131	64343	9	212	6	96
251	64142	64133	64343	9	210	6	96
252	64140	64134	64344	6	210	5	96
253	64146	64138	64350	8	212	6	96
254	64146	64139	64351	7	212	7	96
255	64141	64133	64345	8	212	6	96
256	64141	64133	64345	8	212	7	96
257	64142	64135	64348	7	213	5	96
258	64140	64133	64342	7	209	6	96
259	64140	64134	64344	6	210	5	96
260	64144	64136	64346	8	210	6	96
261	64149	64142	64352	7	210	6	96
262	64142	64135	64347	7	212	6	96
263	64139	64133	64343	6	210	5	96
264	64143	64136	64347	7	211	5	96
265	64141	64135	64347	6	212	5	96
266	64141	64134	64347	7	213	5	96
267	64141	64133	64343	8	210	7	96
268	64146	64138	64348	8	210	6	96
269	64146	64139	64353	7	214	7	96
270	64140	64132	64344	8	212	6	96
271	64142	64134	64344	8	210	6	96
272	64141	64134	64345	7	211	6	97
273	64142	64134	64346	8	212	6	96
274	64140	64133	64344	7	211	6	96
275	64144	64137	64348	7	211	5	96
276	64141	64134	64343	7	209	6	96
277	64142	64134	64348	8	214	6	96
278	64141	64135	64345	6	210	5	96
279	64143	64136	64347	7	211	5	96
280	64141	64135	64345	6	210	5	96
281	64141	64134	64345	7	211	6	96
282	64144	64136	64346	8	210	6	96
283	64142	64135	64346	7	211	6	96
284	64143	64136	64347	7	211	5	96
285	64136	64130	64342	6	212	5	96
286	64143	64135	64345	8	210	6	96
287	64141	64133	64344	8	211	6	96
288	64143	64135	64349	8	214	6	96
289	64141	64135	64345	6	210	5	96
290	64141	64134	64345	7	211	6	96
291	64141	64135	64345	6	210	5	96
292	64143	64136	64345	7	209	6	96
293	64143	64135	64345	8	210	6	96
294	64138	64131	64342	7	211	6	96
295	64143	64135	64347	8	212	6	96
296	64142	64135	64348	7	213	6	96
297	64144	64136	64345	8	209	5	96
298	64141	64135	64345	6	210	5	96
299	64143	64136	64347	7	211	5	96
300	64136	64129	64340	7	211	6	96
301	64141	64135	64345	6	210	5	96
302	64144	64136	64349	8	213	6	96
303	64142	64135	64344	7	209	6	96
304	64144	64136	64348	8	212	6	96
305	64141	64133	64345	8	212	6	96
306	64137	64128	64342	9	214	7	96
307	64141	64135	64347	6	212	5	96
308	64144	64135	64345	9	210	6	96
309	64142	64136	64344	6	208	5	96
310	64139	64132	64347	7	215	6	96
311	64144	64137	64348	7	211	6	96
312	64141	64132	64343	9	211	6	96
313	64140	64133	64344	7	211	5	96
314	64145	64139	64349	6	210	5	96
315	64140	64132	64344	8	212	6	96
316	64147	64141	64349	6	208	5	96
317	64141	64131	64345	10	214	6	96
318	64141	64134	64345	7	211	6	96
319	64146	64138	64350	8	212	6	96
320	64139	64130	64343	9	213	6	96
321	64144	64137	64348	7	211	6	96
322	64140	64133	64342	7	209	6	96
323	64144	64137	64346	7	209	6	96
324	64140	64133	64344	7	211	5	96
325	64141	64134	64343	7	209	6	96
326	64147	64137	64350	10	213	7	96
327	64139	64133	64341	6	208	5	96
328	64142	64134	64344	8	210	6	96
329	64139	64133	64343	6	210	5	96
330	64146	64136	64350	10	214	7	96
331	64139	64133	64345	6	212	5	96
332	64140	64133	64344	7	211	6	96
333	64140	64133	64345	7	212	6	96
334	64145	64139	64347	6	208	5	96
335	64142	64135	64344	7	209	5	96
336	64139	64131	64343	8	212	6	96
337	64268	64143	64469	125	326	7	97
338	64142	64136	64346	6	210	5	96
339	64140	64131	64344	9	213	6	96
340	64139	64132	64343	7	211	6	96
341	64147	64140	64351	7	211	5	96
342	64140	64134	64346	6	212	5	96
343	64141	64134	64346	7	212	7	96
344	64143	64135	64347	8	212	6	96
345	64141	64134	64346	7	212	7	96
346	64142	64135	64346	7	211	5	96
347	64141	64135	64345	6	210	5	96
348	64147	64138	64351	9	213	6	96
349	64141	64134	64346	7	212	7	96
350	64141	64134	64345	7	211	5	96
351	64140	64134	64342	6	208	5	96
352	64140	64134	64342	6	208	5	96
353	64140	64134	64343	6	209	5	96
354	64145	64139	64349	6	210	5	96
355	64142	64134	64346	8	212	6	96
356	64140	64133	64346	7	213	6	96
357	64141	64133	64345	8	212	6	96
358	64140	64133	64344	7	211	6	96
359	64146	64138	64352	8	214	6	96
360	64140	64133	64343	7	210	6	96
361	64142	64134	64344	8	210	6	96
362	64139	64133	64343	6	210	5	96
363	64145	64137	64349	8	212	7	96
364	64140	64132	64347	8	215	6	97
365	64140	64133	64342	7	209	6	96
366	64141	64133	64345	8	212	6	96
367	64145	64139	64349	6	210	5	96
368	64143	64135	64349	8	214	6	96
369	64139	64131	64343	8	212	6	96
370	64141	64134	64345	7	211	5	96
371	64145	64139	64347	6	208	5	96
372	64141	64133	64345	8	212	6	96
373	64141	64134	64343	7	209	6	96
374	64142	64134	64345	8	211	6	96
375	64139	64132	64343	7	211	5	96
376	64172	64149	64378	23	229	8	107
377	64144	64137	64348	7	211	5	96
378	64142	64136	64346	6	210	5	96
379	64142	64133	64344	9	211	7	96
380	64140	64132	64346	8	214	6	96
381	64145	64138	64347	7	209	5	96
382	64141	64135	64345	6	210	5	96
383	64144	64136	64348	8	212	6	96
384	64136	64129	64341	7	212	7	96
385	64142	64135	64346	7	211	6	96
386	64146	64138	64348	8	210	6	96
387	64142	64135	64346	7	211	6	96
388	64144	64136	64347	8	211	7	96
389	64143	64135	64346	8	211	6	96
390	64139	64132	64346	7	214	6	96
391	64141	64134	64345	7	211	6	96
392	64144	64137	64349	7	212	6	96
393	64141	64133	64343	8	210	6	96
394	64142	64135	64347	7	212	5	97
395	64141	64134	64346	7	212	7	96
396	64142	64136	64346	6	210	5	96
397	64144	64137	64349	7	212	6	96
398	64140	64132	64342	8	210	6	96
399	64141	64133	64345	8	212	6	96
400	64143	64137	64349	6	212	5	96
401	64144	64136	64348	8	212	6	96
402	64141	64135	64343	6	208	5	96
403	64143	64136	64347	7	211	5	96
404	64141	64133	64345	8	212	7	96
405	64143	64136	64347	7	211	6	96
406	64141	64132	64343	9	211	7	96
407	64144	64137	64347	7	210	7	96
408	64140	64132	64344	8	212	6	96
409	64142	64136	64346	6	210	5	96
410	64145	64137	64349	8	212	6	96
411	64138	64132	64343	6	211	6	96
412	64144	64136	64348	8	212	6	96
413	64138	64132	64342	6	210	5	96
414	64145	64137	64349	8	212	6	96
415	64142	64134	64348	8	214	6	96
416	64139	64133	64341	6	208	5	96
417	64144	64136	64348	8	212	6	96
418	64143	64135	64346	8	211	7	96
419	64140	64133	64344	7	211	5	96
420	64143	64137	64346	6	209	5	96
421	64143	64134	64348	9	214	6	96
422	64140	64133	64344	7	211	6	96
423	64141	64133	64345	8	212	5	96
424	64145	64137	64347	8	210	6	96
425	64141	64135	64343	6	208	5	96
426	64141	64135	64345	6	210	5	96
427	64141	64135	64345	6	210	5	96
428	64140	64132	64344	8	212	6	96
429	64141	64134	64345	7	211	6	96
430	64144	64136	64349	8	213	7	96
431	64142	64136	64344	6	208	5	96
432	64143	64136	64348	7	212	6	96
433	64141	64134	64345	7	211	6	96
434	64142	64133	64346	9	213	6	96
435	64140	64133	64342	7	209	6	96
436	64141	64135	64345	6	210	5	96
437	64143	64134	64347	9	213	6	96
438	64143	64136	64345	7	209	6	96
439	64144	64136	64347	8	211	6	96
440	64142	64135	64344	7	209	6	96
441	64144	64136	64346	8	210	6	96
442	64141	64135	64346	6	211	6	96
443	64144	64136	64349	8	213	7	96
444	64142	64135	64346	7	211	6	96
445	64143	64135	64347	8	212	6	96
446	64141	64134	64346	7	212	7	96
447	64141	64134	64345	7	211	6	96
448	64144	64137	64348	7	211	5	96
449	64140	64133	64344	7	211	6	96
450	64143	64136	64347	7	211	5	96
451	64141	64134	64347	7	213	6	96
452	64143	64136	64347	7	211	5	96
453	64142	64135	64344	7	209	6	96
454	64143	64134	64346	9	212	6	96
455	64141	64135	64346	6	211	6	96
456	64144	64138	64348	6	210	5	96
457	64140	64134	64346	6	212	5	96
458	64140	64134	64344	6	210	5	96
459	64143	64135	64347	8	212	6	96
460	64140	64134	64345	6	211	6	96
461	64143	64136	64347	7	211	5	96
462	64140	64133	64344	7	211	6	96
463	64143	64135	64345	8	210	6	96
464	64141	64134	64345	7	211	6	96
465	64148	64139	64352	9	213	6	96
466	64141	64134	64345	7	211	6	96
467	64708	64140	64909	568	769	9	97
468	64141	64134	64346	7	212	7	96
469	64141	64135	64343	6	208	5	96
470	64146	64139	64348	7	209	5	96
471	64140	64133	64344	7	211	6	96
472	64143	64135	64345	8	210	6	96
473	64141	64134	64346	7	212	7	96
474	64142	64134	64346	8	212	6	96
475	64141	64133	64345	8	212	6	96
476	64142	64134	64344	8	210	6	96
477	64141	64135	64345	6	210	5	96
478	64140	64133	64344	7	211	6	96
479	64141	64135	64346	6	211	5	96
480	64146	64139	64349	7	210	5	96
481	64144	64136	64348	8	212	6	96
482	64141	64135	64345	6	210	5	96
483	64143	64135	64344	8	209	5	96
484	64143	64136	64349	7	213	6	96
485	64145	64138	64347	7	209	5	96
486	64138	64131	64342	7	211	6	97
487	64145	64136	64346	9	210	6	96
488	64142	64136	64346	6	210	5	96
489	64143	64137	64345	6	208	5	96
490	64140	64133	64342	7	209	5	96
491	64142	64135	64346	7	211	6	96
492	64145	64138	64350	7	212	6	96
493	64137	64130	64339	7	209	6	96
494	64145	64138	64349	7	211	5	96
495	64142	64135	64348	7	213	6	96
496	64140	64133	64343	7	210	6	96
497	64143	64136	64346	7	210	7	96
498	64146	64138	64350	8	212	7	96
499	64137	64130	64341	7	211	6	96
500	64143	64137	64346	6	209	6	96
501	64145	64138	64347	7	209	5	96
502	64143	64136	64345	7	209	6	96
503	64145	64137	64351	8	214	6	96
504	64143	64136	64345	7	209	6	96
505	64140	64133	64344	7	211	5	96
506	64143	64137	64345	6	208	5	96
507	64142	64135	64344	7	209	5	96
508	64143	64136	64347	7	211	6	96
509	64144	64136	64346	8	210	6	96
510	64139	64131	64342	8	211	5	96
511	64144	64137	64348	7	211	6	96
512	64141	64133	64343	8	210	6	96
513	64144	64137	64349	7	212	7	96
514	64146	64139	64351	7	212	6	96
515	64137	64129	64341	8	212	7	96
516	64144	64136	64348	8	212	6	96
517	64142	64134	64346	8	212	6	96
518	64143	64136	64349	7	213	5	96
519	64142	64136	64346	6	210	5	96
520	64138	64132	64344	6	212	5	96
521	64144	64135	64348	9	213	6	96
522	64141	64135	64343	6	208	5	96
523	64144	64136	64348	8	212	6	96
524	64142	64136	64344	6	208	5	96
525	64141	64134	64345	7	211	5	96
526	64139	64131	64342	8	211	6	96
527	64144	64135	64346	9	211	6	96
528	64143	64135	64344	8	209	6	96
529	64142	64135	64349	7	214	6	96
530	64136	64130	64340	6	210	5	96
531	64142	64133	64347	9	214	7	96
532	64143	64134	64345	9	211	6	96
533	64140	64134	64344	6	210	5	96
534	64144	64137	64346	7	209	5	96
535	64143	64136	64347	7	211	6	96
536	64144	64136	64346	8	210	6	96
537	64141	64132	64345	9	213	7	96
538	64143	64135	64347	8	212	6	96
539	64141	64134	64346	7	212	7	96
540	64198	64150	64402	48	252	13	114
541	64141	64135	64343	6	208	5	96
542	64141	64134	64344	7	210	6	96
543	64143	64133	64347	10	214	7	96
544	64142	64136	64346	6	210	5	96
545	64143	64136	64345	7	209	5	96
546	64142	64135	64344	7	209	6	96
547	64144	64136	64346	8	210	6	96
548	64140	64133	64344	7	211	6	96
549	64143	64136	64345	7	209	5	96
550	64140	64133	64344	7	211	6	96
551	64141	64133	64343	8	210	6	96
552	64142	64134	64346	8	212	6	96
553	64146	64140	64350	6	210	5	96
554	64146	64138	64350	8	212	6	96
555	64140	64131	64346	9	215	6	96
556	64142	64134	64348	8	214	6	96
557	64141	64135	64346	6	211	5	96
558	64143	64134	64347	9	213	6	96
559	64262	64138	64465	124	327	6	97
560	64263	64137	64464	126	327	8	97
561	64142	64136	64345	6	209	5	96
562	64140	64133	64347	7	214	7	96
563	64143	64136	64347	7	211	5	96
564	64142	64135	64345	7	210	6	96
565	64143	64136	64347	7	211	5	96
566	64138	64131	64343	7	212	7	96
567	64143	64135	64347	8	212	6	96
568	64142	64136	64344	6	208	5	96
569	64144	64137	64348	7	211	5	96
570	64142	64135	64344	7	209	6	96
571	64144	64137	64347	7	210	5	96
572	64141	64134	64345	7	211	6	96
573	64142	64135	64346	7	211	6	96
574	64143	64136	64350	7	214	6	96
575	64139	64131	64342	8	211	6	96
576	64141	64134	64345	7	211	5	96
577	64141	64134	64343	7	209	6	96
578	64144	64137	64349	7	212	6	96
579	64142	64135	64346	7	211	6	96
580	64141	64134	64343	7	209	5	96
581	64141	64134	64343	7	209	6	96
582	64140	64134	64342	6	208	5	96
583	64146	64139	64350	7	211	6	96
584	64140	64134	64344	6	210	5	96
585	64142	64135	64346	7	211	5	96
586	64140	64134	64342	6	208	5	96
587	64143	64134	64347	9	213	6	96
588	64140	64133	64344	7	211	6	96
589	64142	64134	64348	8	214	6	96
590	64140	64134	64342	6	208	5	96
591	64151	64143	64353	8	210	6	96
592	64145	64137	64347	8	210	6	96
593	64141	64134	64345	7	211	6	96
594	64142	64134	64346	8	212	6	96
595	64141	64134	64346	7	212	7	96
596	64142	64135	64346	7	211	5	96
597	64140	64133	64346	7	213	6	96
598	64142	64134	64346	8	212	6	96
599	64140	64134	64344	6	210	5	96
600	64142	64134	64344	8	210	6	96
601	64148	64141	64350	7	209	6	96
602	64140	64134	64346	6	212	5	96
603	64139	64132	64343	7	211	6	96
604	64141	64134	64343	7	209	6	96
605	64142	64135	64346	7	211	5	96
606	64140	64133	64344	7	211	6	96
607	64143	64136	64347	7	211	5	96
608	64140	64134	64346	6	212	5	96
609	64146	64136	64350	10	214	6	96
610	64141	64135	64343	6	208	5	96
611	64144	64137	64347	7	210	5	96
612	64141	64135	64346	6	211	6	96
613	64141	64134	64343	7	209	6	96
614	64142	64135	64348	7	213	7	96
615	64141	64135	64343	6	208	5	96
616	64144	64134	64348	10	214	6	96
617	64141	64135	64345	6	210	5	96
618	64143	64133	64346	10	213	6	96
619	64142	64135	64346	7	211	6	96
620	64143	64135	64348	8	213	7	96
621	64142	64136	64344	6	208	5	96
622	64139	64132	64341	7	209	5	96
623	64141	64134	64346	7	212	6	96
624	64141	64135	64345	6	210	5	96
625	64145	64138	64347	7	209	5	96
626	64142	64136	64346	6	210	5	96
627	64142	64134	64346	8	212	6	96
628	64145	64139	64347	6	208	5	96
629	64138	64129	64342	9	213	7	96
630	64145	64138	64349	7	211	6	96
631	64139	64132	64341	7	209	5	96
632	64145	64139	64349	6	210	5	96
633	64137	64130	64342	7	212	7	96
634	64145	64139	64349	6	210	5	96
635	64137	64131	64341	6	210	5	96
636	64148	64141	64350	7	209	5	96
637	64138	64131	64343	7	212	7	96
638	64148	64141	64350	7	209	5	96
639	64137	64131	64341	6	210	5	96
640	64147	64140	64351	7	211	5	96
641	64138	64132	64344	6	212	5	96
642	64139	64132	64343	7	211	5	96
643	64146	64140	64352	6	212	6	96
644	64138	64132	64340	6	208	5	96
645	64142	64135	64346	7	211	5	96
646	64144	64137	64350	7	213	6	96
647	64140	64132	64345	8	213	6	96
648	64138	64131	64342	7	211	6	96
649	64148	64140	64354	8	214	6	96
650	64140	64133	64342	7	209	6	96
651	64143	64134	64347	9	213	6	96
652	64147	64140	64349	7	209	6	96
653	64141	64133	64346	8	213	7	96
654	64138	64130	64343	8	213	8	96
655	64139	64133	64345	6	212	5	96
656	64149	64139	64352	10	213	6	96
657	64139	64132	64340	7	208	5	96
658	64141	64133	64347	8	214	6	96
659	64139	64132	64343	7	211	6	96
660	64148	64141	64352	7	211	5	96
661	64140	64133	64344	7	211	6	96
662	64143	64134	64344	9	210	6	96
663	64140	64134	64344	6	210	5	96
664	64140	64134	64342	6	208	5	96
665	64147	64139	64348	8	209	6	96
666	64140	64134	64342	6	208	5	96
667	64143	64135	64346	8	211	7	96
668	64139	64132	64343	7	211	6	96
669	64142	64133	64346	9	213	7	96
670	64141	64134	64345	7	211	6	96
671	64148	64140	64353	8	213	6	96
672	64139	64133	64344	6	211	6	96
673	64143	64136	64345	7	209	5	96
674	64139	64132	64343	7	211	6	96
675	64140	64134	64342	6	208	5	96
676	64143	64136	64345	7	209	5	96
677	64140	64134	64342	6	208	5	96
678	64148	64140	64352	8	212	6	96
679	64143	64137	64347	6	210	5	96
680	64143	64136	64345	7	209	5	96
681	64140	64133	64345	7	212	6	96
682	64143	64136	64347	7	211	5	96
683	64141	64135	64345	6	210	5	96
684	64143	64134	64347	9	213	7	96
685	64140	64134	64343	6	209	5	96
686	64140	64134	64344	6	210	5	96
687	64142	64134	64346	8	212	6	96
688	64141	64134	64345	7	211	6	96
689	64150	64140	64354	10	214	6	96
690	64921	64137	65124	784	987	8	97
691	64142	64133	64346	9	213	6	96
692	64141	64134	64343	7	209	6	96
693	64144	64137	64346	7	209	5	96
694	64141	64133	64346	8	213	7	96
695	64142	64135	64346	7	211	5	96
696	64140	64133	64344	7	211	6	96
697	64141	64135	64344	6	209	5	96
698	64141	64134	64345	7	211	6	96
699	64140	64133	64345	7	212	7	96
700	64144	64136	64346	8	210	6	96
701	64140	64134	64342	6	208	5	96
702	64143	64135	64345	8	210	6	96
703	64144	64138	64348	6	210	5	96
704	64143	64136	64346	7	210	5	96
705	64141	64134	64343	7	209	6	96
706	64143	64136	64347	7	211	5	96
707	64143	64136	64345	7	209	6	96
708	64142	64136	64346	6	210	5	96
709	64144	64137	64348	7	211	5	96
710	64143	64137	64345	6	208	5	96
711	64138	64129	64342	9	213	6	96
712	64141	64135	64347	6	212	5	96
713	64144	64137	64350	7	213	5	96
714	64142	64136	64344	6	208	5	96
715	64144	64136	64347	8	211	7	96
716	64139	64132	64344	7	212	6	96
717	64141	64133	64347	8	214	6	96
718	64143	64136	64345	7	209	6	96
719	64141	64135	64345	6	210	5	96
720	64144	64137	64348	7	211	5	96
721	64144	64136	64348	8	212	7	96
722	64138	64130	64344	8	214	6	96
723	64142	64136	64344	6	208	5	96
724	64144	64136	64346	8	210	6	96
725	64142	64135	64343	7	208	5	96
726	64145	64137	64349	8	212	6	96
727	64135	64129	64339	6	210	5	96
728	64142	64136	64344	6	208	5	96
729	64142	64135	64346	7	211	6	96
730	64141	64135	64347	6	212	5	96
731	64144	64137	64350	7	213	5	96
732	64141	64134	64346	7	212	6	96
733	64138	64131	64340	7	209	5	96
734	64141	64134	64345	7	211	6	96
735	64144	64137	64347	7	210	5	96
736	64142	64136	64346	6	210	5	96
737	64144	64137	64347	7	210	6	96
738	64135	64129	64341	6	212	5	96
739	64143	64136	64347	7	211	7	96
740	64145	64136	64349	9	213	6	96
741	64137	64131	64341	6	210	5	96
742	64144	64136	64350	8	214	6	96
743	64144	64138	64348	6	210	5	96
744	64138	64130	64342	8	212	6	96
745	64142	64134	64347	8	213	6	96
746	64146	64138	64348	8	210	6	96
747	64138	64131	64340	7	209	6	96
748	64144	64137	64350	7	213	6	96
749	64141	64134	64343	7	209	6	96
750	64142	64134	64344	8	210	7	96
751	64144	64137	64350	7	213	5	96
752	64137	64131	64343	6	212	6	96
753	64146	64138	64347	8	209	5	96
754	64143	64135	64347	8	212	6	96
755	64141	64133	64345	8	212	6	96
756	64145	64138	64346	7	208	5	96
757	64141	64132	64345	9	213	6	96
758	64139	64132	64340	7	208	5	96
759	64146	64139	64347	7	208	5	96
760	64140	64132	64344	8	212	6	96
761	64144	64137	64349	7	212	7	96
762	64139	64130	64341	9	211	6	96
763	64145	64138	64347	7	209	6	96
764	64141	64134	64343	7	209	5	96
765	64144	64138	64346	6	208	5	96
766	64141	64133	64346	8	213	6	96
767	64142	64135	64347	7	212	7	96
768	64144	64137	64346	7	209	5	96
769	64140	64134	64346	6	212	5	96
770	64144	64136	64347	8	211	7	96
771	64141	64134	64343	7	209	5	96
772	64144	64138	64348	6	210	5	96
773	64141	64134	64345	7	211	5	96
774	64144	64137	64346	7	209	6	96
775	64141	64133	64343	8	210	6	96
776	64139	64132	64341	7	209	6	96
777	64149	64139	64353	10	214	6	96
778	64139	64132	64342	7	210	5	96
779	64144	64137	64348	7	211	6	96
780	64138	64131	64342	7	211	6	96
781	64144	64136	64347	8	211	6	96
782	64140	64131	64342	9	211	7	96
783	64264	64140	64467	124	327	7	97
784	64145	64136	64351	9	215	7	96
785	64144	64138	64348	6	210	5	96
786	64142	64134	64343	8	209	5	96
787	64143	64136	64347	7	211	6	96
788	64143	64136	64345	7	209	5	96
789	64142	64136	64346	6	210	5	96
790	64141	64133	64347	8	214	7	96
791	64142	64135	64349	7	214	6	96
792	64141	64133	64345	8	212	7	96
793	64147	64139	64349	8	210	6	96
794	64139	64132	64341	7	209	6	96
795	64146	64138	64350	8	212	6	96
796	64139	64133	64343	6	210	5	96
797	64146	64139	64350	7	211	5	96
798	64139	64132	64341	7	209	6	96
799	64145	64137	64351	8	214	6	96
800	64137	64130	64343	7	213	6	96
801	64144	64136	64346	8	210	7	96
802	64142	64135	64347	7	212	6	96
803	64140	64134	64342	6	208	5	96
804	64143	64135	64345	8	210	6	96
805	64145	64138	64349	7	211	6	96
806	64142	64134	64347	8	213	6	96
807	64141	64134	64345	7	211	6	96
808	64141	64133	64345	8	212	6	96
809	64146	64138	64350	8	212	6	96
810	64140	64133	64344	7	211	6	96
811	64140	64133	64344	7	211	6	96
812	64139	64132	64343	7	211	6	96
813	64145	64138	64350	7	212	6	96
814	64146	64138	64350	8	212	6	96
815	64142	64135	64344	7	209	5	96
816	64139	64132	64343	7	211	6	96
817	64147	64139	64349	8	210	6	96
818	64142	64136	64344	6	208	5	96
819	64142	64135	64344	7	209	5	96
820	64140	64133	64344	7	211	6	96
821	64141	64134	64344	7	210	5	96
822	64142	64134	64347	8	213	6	96
823	64145	64139	64349	6	210	5	96
824	64141	64134	64345	7	211	5	96
825	64139	64133	64344	6	211	6	96
826	64142	64132	64346	10	214	6	96
827	64141	64134	64344	7	210	5	96
828	64147	64140	64352	7	212	6	96
829	64139	64133	64344	6	211	6	96
830	64141	64133	64348	8	215	7	96
831	64140	64133	64344	7	211	6	96
832	64145	64139	64349	6	210	5	96
833	64142	64134	64344	8	210	6	96
834	64140	64133	64344	7	211	6	96
835	64142	64135	64346	7	211	5	96
836	64141	64135	64343	6	208	5	96
837	64148	64140	64352	8	212	6	96
838	64140	64134	64344	6	210	5	96
839	64143	64135	64344	8	209	5	96
840	64140	64132	64343	8	211	7	96
841	64139	64132	64343	7	211	6	96
842	64146	64138	64350	8	212	6	96
843	64140	64133	64342	7	209	6	96
844	64141	64134	64345	7	211	5	96
845	64140	64133	64342	7	209	6	96
846	64142	64134	64346	8	212	6	96
847	64145	64138	64350	7	212	7	96
848	64140	64133	64346	7	213	5	96
849	64140	64134	64342	6	208	5	96
850	64141	64133	64345	8	212	6	96
851	64144	64137	64348	7	211	6	96
852	64140	64132	64344	8	212	7	96
853	64142	64134	64345	8	211	6	96
854	64139	64133	64343	6	210	5	96
855	64147	64139	64351	8	212	6	96
856	64140	64134	64344	6	210	5	96
857	64141	64134	64343	7	209	5	96
858	64144	64138	64346	6	208	5	96
859	64145	64136	64347	9	211	7	96
860	64141	64134	64346	7	212	5	96
861	64139	64133	64343	6	210	5	96
862	64145	64138	64351	7	213	6	96
863	64138	64131	64342	7	211	6	96
864	64141	64133	64346	8	213	6	96
865	64144	64137	64347	7	210	7	96
866	64141	64133	64345	8	212	6	96
867	64138	64132	64342	6	210	5	96
868	64147	64140	64351	7	211	5	96
869	64138	64131	64344	7	213	7	96
870	64143	64135	64347	8	212	6	96
871	64144	64137	64346	7	209	6	96
872	64139	64132	64343	7	211	6	96
873	64138	64131	64344	7	213	7	96
874	64147	64140	64351	7	211	6	96
875	64140	64132	64344	8	212	6	96
876	64138	64131	64342	7	211	6	96
877	64146	64139	64352	7	213	5	96
878	64139	64131	64341	8	210	6	96
879	64142	64135	64344	7	209	5	96
880	64144	64138	64350	6	212	5	96
881	64141	64133	64344	8	211	7	96
882	64141	64134	64345	7	211	6	96
883	64141	64135	64345	6	210	5	96
884	64143	64134	64348	9	214	7	96
885	64140	64132	64344	8	212	6	96
886	64142	64133	64346	9	213	6	96
887	64142	64136	64344	6	208	5	96
888	64144	64136	64350	8	214	6	96
889	64142	64136	64344	6	208	5	96
890	64143	64136	64345	7	209	5	96
891	64141	64135	64345	6	210	5	96
892	64140	64133	64344	7	211	6	96
893	64144	64137	64348	7	211	6	96
894	64144	64138	64348	6	210	5	96
895	64142	64135	64346	7	211	5	96
896	64140	64134	64344	6	210	5	96
897	64142	64134	64346	8	212	6	96
898	64140	64133	64344	7	211	6	96
899	64144	64137	64346	7	209	5	96
900	64141	64135	64344	6	209	6	96
901	64142	64135	64344	7	209	5	96
902	64141	64132	64345	9	213	7	96
903	64145	64139	64347	6	208	5	96
904	64145	64137	64347	8	210	5	96
905	64140	64133	64342	7	209	6	96
906	64143	64135	64346	8	211	7	96
907	64140	64134	64346	6	212	5	96
908	64142	64135	64346	7	211	5	96
909	64140	64133	64342	7	209	6	96
910	64147	64139	64353	8	214	6	96
911	64144	64137	64348	7	211	6	96
912	64143	64135	64347	8	212	6	96
913	76180	64199	76484	11981	12285	9	97
914	81704	64254	81908	17450	17654	11	97
915	64141	64135	64343	6	208	5	96
916	64148	64140	64350	8	210	6	96
917	64141	64134	64346	7	212	7	96
918	64143	64135	64345	8	210	6	96
919	64139	64132	64344	7	212	7	96
920	64141	64135	64347	6	212	5	96
921	64143	64136	64345	7	209	5	96
922	64141	64135	64345	6	210	5	96
923	64144	64136	64347	8	211	6	96
924	64141	64135	64345	6	210	5	96
925	64145	64136	64347	9	211	6	96
926	64142	64136	64344	6	208	5	96
927	64142	64135	64349	7	214	6	96
928	64141	64135	64343	6	208	5	96
929	64144	64137	64348	7	211	6	96
930	64144	64137	64346	7	209	6	96
931	64140	64133	64347	7	214	7	96
932	64142	64133	64346	9	213	6	96
933	64139	64133	64343	6	210	5	96
934	64147	64139	64351	8	212	6	96
935	64141	64134	64343	7	209	6	96
936	64142	64132	64344	10	212	7	96
937	64139	64132	64344	7	212	7	96
938	64142	64134	64347	8	213	7	96
939	64145	64137	64349	8	212	6	96
940	64140	64134	64345	6	211	6	96
941	64142	64134	64344	8	210	6	96
942	64140	64132	64342	8	210	6	96
943	64141	64134	64347	7	213	5	96
944	64146	64139	64349	7	210	5	96
945	64142	64135	64345	7	210	6	96
946	64140	64133	64344	7	211	6	96
947	64142	64135	64346	7	211	5	96
948	64139	64132	64343	7	211	6	96
949	64147	64138	64351	9	213	6	96
950	64140	64134	64342	6	208	5	96
951	64141	64134	64343	7	209	5	96
952	64142	64134	64344	8	210	6	96
953	64144	64137	64348	7	211	6	96
954	64143	64135	64347	8	212	6	96
955	64140	64132	64345	8	213	7	96
956	64141	64133	64345	8	212	6	96
957	64139	64133	64345	6	212	6	96
958	64146	64138	64352	8	214	6	96
959	64139	64132	64345	7	213	6	96
960	64139	64132	64343	7	211	6	96
961	64139	64132	64343	7	211	6	96
962	64144	64138	64347	6	209	6	96
963	64141	64134	64344	7	210	6	96
964	64139	64130	64342	9	212	6	96
965	64147	64140	64351	7	211	5	96
966	64139	64133	64341	6	208	5	96
967	64140	64132	64344	8	212	6	96
968	64145	64138	64348	7	210	6	96
969	64140	64133	64344	7	211	5	96
970	64139	64132	64343	7	211	6	96
971	64149	64143	64353	6	210	5	96
972	64142	64135	64344	7	209	5	96
973	64138	64131	64345	7	214	7	96
974	64147	64139	64348	8	209	5	96
975	64139	64133	64343	6	210	5	96
976	64142	64134	64344	8	210	6	96
977	64144	64138	64349	6	211	6	96
978	64140	64132	64346	8	214	6	96
979	64143	64135	64349	8	214	7	96
980	64137	64129	64346	8	217	7	96
981	64148	64142	64352	6	210	5	96
982	64138	64131	64342	7	211	6	96
983	64147	64138	64349	9	211	7	96
984	64139	64132	64343	7	211	6	96
985	64146	64139	64350	7	211	5	96
986	64138	64132	64342	6	210	5	96
987	64146	64137	64350	9	213	6	96
988	64139	64133	64343	6	210	5	96
989	64146	64138	64350	8	212	6	96
990	64139	64132	64342	7	210	5	96
991	64145	64139	64347	6	208	5	96
992	64141	64133	64343	8	210	6	96
993	64144	64136	64346	8	210	6	96
994	64141	64133	64345	8	212	6	96
995	64144	64137	64348	7	211	6	96
996	64139	64130	64343	9	213	6	96
997	64144	64135	64348	9	213	6	96
998	64141	64133	64344	8	211	7	96
999	64143	64136	64349	7	213	6	96
1000	64140	64133	64344	7	211	5	96
