ITERNUM	METIME
1	16039
2	16036
3	16033
4	16034
5	16035
6	16036
7	16033
8	16033
9	16036
10	16036
11	16034
12	16036
13	16036
14	16036
15	16034
16	16034
17	16036
18	16036
19	16034
20	16034
21	16036
22	16036
23	16034
24	16034
25	16033
26	16036
27	16036
28	16034
29	16036
30	16039
31	16035
32	16034
33	16035
34	16035
35	16036
36	16034
37	16036
38	16037
39	16036
40	16038
41	16036
42	16036
43	16036
44	16034
45	16036
46	16036
47	16036
48	16034
49	16034
50	16036
51	16036
52	16032
53	16034
54	16036
55	16594
56	16034
57	16036
58	16034
59	16036
60	16034
61	16034
62	16036
63	16032
64	16034
65	16034
66	16036
67	16035
68	16036
69	16034
70	16036
71	16032
72	16034
73	16034
74	16036
75	16036
76	16034
77	16033
78	16041
79	16041
80	16031
81	16031
82	16041
83	16034
84	16032
85	16032
86	16034
87	16034
88	16032
89	16033
90	16041
91	16035
92	16033
93	16039
94	16033
95	16033
96	16035
97	16032
98	16040
99	16034
100	16035
101	16033
102	16030
103	16030
104	16032
105	16030
106	16034
107	16041
108	16041
109	16031
110	16033
111	16037
112	16034
113	16033
114	16033
115	16035
116	16035
117	16034
118	16033
119	16035
120	16035
121	16034
122	16033
123	16039
124	16036
125	16034
126	16034
127	16036
128	16036
129	16034
130	16034
131	16036
132	16036
133	16031
134	16034
135	16036
136	16036
137	16034
138	16034
139	16033
140	16036
141	16034
142	16034
143	16032
144	16036
145	16034
146	16034
147	16036
148	16036
149	16036
150	16034
151	16036
152	16036
153	16037
154	16035
155	16033
156	16037
157	16037
158	16034
159	16034
160	16037
161	16037
162	16032
163	16037
164	16037
165	16037
166	16035
167	16033
168	16037
169	16037
170	16034
171	16035
172	16033
173	16037
174	16033
175	16035
176	16037
177	16036
178	16035
179	16033
180	16037
181	16033
182	16034
183	16031
184	16037
185	16033
186	16035
187	16031
188	16036
189	16033
190	16035
191	16031
192	16037
193	16033
194	16035
195	16031
196	16037
197	16033
198	16035
199	16031
200	16037
201	16037
202	16035
203	16035
204	16032
205	16037
206	16037
207	16035
208	16036
209	16034
210	16036
211	16031
212	16037
213	16037
214	16036
215	16035
216	16032
217	16037
218	16034
219	16035
220	16036
221	16036
222	16037
223	16030
224	16037
225	16034
226	16037
227	16035
228	16037
229	16037
230	16034
231	16034
232	16030
233	16037
234	16037
235	16035
236	16035
237	16037
238	16037
239	16031
240	16035
241	16032
242	16037
243	16034
244	16035
245	16037
246	16037
247	16035
248	16035
249	16037
250	16037
251	16035
252	16035
253	16037
254	16037
255	16035
256	16034
257	16037
258	16036
259	16035
260	16033
261	16037
262	16033
263	16035
264	16031
265	16037
266	16033
267	16035
268	16031
269	16037
270	16033
271	16034
272	16031
273	16036
274	16035
275	16036
276	16031
277	16037
278	16035
279	16035
280	16035
281	16034
282	16037
283	16031
284	16035
285	16035
286	16037
287	16037
288	16035
289	16038
290	16033
291	16037
292	16031
293	16036
294	16034
295	16036
296	16035
297	16037
298	16037
299	16036
300	16035
301	16036
302	16035
303	16037
304	16033
305	16037
306	16037
307	16033
308	16035
309	16037
310	16033
311	16037
312	16035
313	16035
314	16037
315	16033
316	16035
317	16038
318	16035
319	16037
320	16031
321	16035
322	16835
323	16035
324	16035
325	16033
326	16037
327	16035
328	16035
329	16037
330	16036
331	16037
332	16030
333	16037
334	16033
335	16037
336	16033
337	16157
338	16037
339	16037
340	16035
341	16035
342	16037
343	16033
344	16035
345	16039
346	16037
347	16037
348	16031
349	16035
350	16033
351	16037
352	16035
353	16035
354	16037
355	16033
356	16035
357	16031
358	16037
359	16037
360	16032
361	16035
362	16033
363	16037
364	16035
365	16031
366	16037
367	16033
368	16035
369	16034
370	16034
371	16037
372	16031
373	16035
374	16037
375	16036
376	16035
377	16031
378	16037
379	16036
380	16035
381	16035
382	16034
383	16037
384	16031
385	16035
386	16036
387	16037
388	16035
389	16031
390	16037
391	16036
392	16035
393	16035
394	16033
395	16037
396	16035
397	16031
398	16037
399	16037
400	16039
401	16035
402	16033
403	16037
404	16037
405	16031
406	16037
407	16035
408	16037
409	16035
410	16033
411	16037
412	16036
413	16035
414	16037
415	16033
416	16037
417	16033
418	16037
419	16037
420	16033
421	16035
422	16033
423	16037
424	16037
425	16035
426	16037
427	16033
428	16037
429	16032
430	16037
431	16037
432	16036
433	16035
434	16033
435	16037
436	16033
437	16035
438	16037
439	16033
440	16037
441	16035
442	16035
443	16037
444	16033
445	16035
446	16031
447	16037
448	16036
449	16035
450	16035
451	16036
452	16037
453	16031
454	16035
455	16033
456	16037
457	16035
458	16035
459	16037
460	16034
461	16035
462	16031
463	16037
464	16033
465	16035
466	16035
467	16037
468	16037
469	16033
470	16034
471	16033
472	16036
473	16031
474	16035
475	16037
476	16037
477	16035
478	16035
479	16037
480	16033
481	16037
482	16031
483	16037
484	16034
485	16037
486	16035
487	16037
488	16037
489	16033
490	16035
491	16033
492	16037
493	16036
494	16035
495	16037
496	16034
497	16037
498	16031
499	16037
500	16035
501	16037
502	16035
503	16037
504	16037
505	16033
506	16035
507	16033
508	16037
509	16037
510	16035
511	16040
512	16034
513	16037
514	16031
515	16035
516	16034
517	16038
518	16035
519	16035
520	16038
521	16034
522	16035
523	16031
524	16037
525	16034
526	16035
527	16035
528	16037
529	16037
530	16032
531	16037
532	16033
533	16037
534	16032
535	16035
536	16037
537	16036
538	16035
539	16031
540	16037
541	16033
542	16035
543	16034
544	16037
545	16037
546	16034
547	16035
548	16033
549	16037
550	16033
551	16035
552	16036
553	16037
554	16037
555	16034
556	16037
557	16033
558	16037
559	16031
560	16038
561	16036
562	16037
563	16035
564	16037
565	16036
566	16033
567	16035
568	16033
569	16037
570	16033
571	16035
572	16037
573	16037
574	16037
575	16034
576	16037
577	16033
578	16037
579	16031
580	16036
581	16034
582	16037
583	16035
584	16035
585	16037
586	16037
587	16034
588	16031
589	16037
590	16033
591	16035
592	16031
593	16037
594	16038
595	16034
596	16035
597	16037
598	16037
599	16035
600	16035
601	16037
602	16037
603	16034
604	16035
605	16036
606	16036
607	16033
608	16034
609	16033
610	16037
611	16031
612	16035
613	16033
614	16037
615	16031
616	16035
617	16033
618	16037
619	16031
620	16035
621	16033
622	16041
623	16032
624	16034
625	16035
626	16036
627	16030
628	16035
629	16037
630	16037
631	16035
632	16032
633	16036
634	16032
635	16035
636	16035
637	16036
638	16037
639	16032
640	16035
641	16032
642	16037
643	16034
644	16035
645	16037
646	16033
647	16035
648	16031
649	16037
650	16037
651	16035
652	16035
653	16034
654	16037
655	16030
656	16035
657	16037
658	16037
659	16035
660	16030
661	16036
662	16037
663	16037
664	16035
665	16032
666	16036
667	16036
668	16035
669	16037
670	16033
671	16037
672	16035
673	16037
674	16036
675	16033
676	16034
677	16036
678	16037
679	16036
680	16030
681	16037
682	16037
683	16036
684	16035
685	16032
686	16037
687	16037
688	16035
689	16036
690	16033
691	16037
692	16033
693	16035
694	16036
695	16037
696	16035
697	16031
698	16036
699	16037
700	16034
701	16035
702	16033
703	16037
704	16031
705	16035
706	16037
707	16037
708	16035
709	16031
710	16037
711	16035
712	16035
713	16035
714	16037
715	16037
716	16030
717	16035
718	16034
719	16037
720	16035
721	16034
722	16036
723	16036
724	16034
725	16034
726	16036
727	16036
728	16034
729	16033
730	16036
731	16036
732	16034
733	16035
734	16036
735	16035
736	16034
737	16034
738	16036
739	16036
740	16034
741	16034
742	16036
743	16036
744	16036
745	16034
746	16036
747	16036
748	16036
749	16034
750	16036
751	16036
752	16036
753	16031
754	16036
755	16036
756	16036
757	16034
758	16034
759	16036
760	16036
761	16034
762	16036
763	16035
764	16036
765	16034
766	16039
767	16036
768	16030
769	16034
770	16036
771	16036
772	16036
773	16031
774	16036
775	16036
776	16034
777	16034
778	16036
779	16036
780	16035
781	16034
782	16036
783	16036
784	16036
785	16034
786	16036
787	16033
788	16036
789	16034
790	16036
791	16036
792	16036
793	16030
794	16036
795	16036
796	16036
797	16034
798	16036
799	16032
800	16036
801	16034
802	16036
803	16036
804	16036
805	16034
806	16036
807	16036
808	16036
809	16034
810	16034
811	16036
812	16036
813	16034
814	16036
815	16033
816	16036
817	16034
818	16034
819	16036
820	16033
821	16034
822	16034
823	16036
824	16036
825	16034
826	16034
827	16036
828	16036
829	16033
830	16034
831	16036
832	16036
833	16034
834	16031
835	16036
836	16036
837	16034
838	16034
839	16032
840	16036
841	16034
842	16034
843	16036
844	16037
845	16034
846	16034
847	16036
848	16036
849	16034
850	16034
851	16036
852	16036
853	16034
854	16035
855	16036
856	16036
857	16034
858	16034
859	16036
860	16036
861	16034
862	16034
863	16036
864	16034
865	16034
866	16034
867	16036
868	16036
869	16034
870	16034
871	16036
872	16036
873	16034
874	16034
875	16036
876	16036
877	16036
878	16033
879	16036
880	16036
881	16036
882	16030
883	16036
884	16036
885	16036
886	16032
887	16036
888	16036
889	16036
890	16034
891	16037
892	16036
893	16036
894	16034
895	16036
896	16036
897	16036
898	16034
899	16039
900	16036
901	16036
902	16034
903	16036
904	16037
905	16036
906	16034
907	16036
908	16033
909	16036
910	16034
911	16034
912	16036
913	16034
914	16034
915	16035
916	16036
917	16035
918	16034
919	16034
920	16036
921	16036
922	16030
923	16034
924	16036
925	16036
926	16034
927	16034
928	16036
929	16036
930	16034
931	16033
932	16036
933	16036
934	16034
935	16030
936	16036
937	16036
938	16034
939	16034
940	16036
941	16037
942	16034
943	16034
944	16036
945	16036
946	16034
947	16034
948	16032
949	16036
950	16036
951	16035
952	16032
953	16036
954	16036
955	16035
956	16034
957	16036
958	16036
959	16034
960	16035
961	16036
962	16036
963	16031
964	16037
965	16037
966	16037
967	16034
968	16037
969	16036
970	16032
971	16035
972	16036
973	16037
974	16037
975	16035
976	16037
977	16032
978	16037
979	16034
980	16036
981	16037
982	16037
983	16034
984	16032
985	16037
986	16034
987	16035
988	16037
989	16036
990	16035
991	16030
992	16037
993	16036
994	16034
995	16035
996	16032
997	16037
998	16035
999	16034
1000	16037
