ITERNUM	METIME
1	8020
2	8013
3	8019
4	8019
5	8012
6	8020
7	8019
8	8010
9	8019
10	8019
11	8009
12	8020
13	8019
14	8010
15	8019
16	8019
17	8012
18	8019
19	8019
20	8012
21	8019
22	8017
23	8011
24	8019
25	8017
26	8012
27	8019
28	8018
29	8012
30	8019
31	8019
32	8012
33	8020
34	8019
35	8011
36	8017
37	8019
38	8012
39	8017
40	8019
41	8012
42	8017
43	8019
44	8013
45	8018
46	8019
47	8016
48	8013
49	8019
50	8018
51	8012
52	8019
53	8017
54	8012
55	8019
56	8020
57	8012
58	8020
59	8019
60	8012
61	8019
62	8019
63	8015
64	8012
65	8019
66	8019
67	8010
68	8020
69	8019
70	8012
71	8019
72	8020
73	8012
74	8019
75	8017
76	8017
77	8012
78	8017
79	8020
80	8012
81	8017
82	8020
83	8012
84	8019
85	8019
86	8018
87	8012
88	8019
89	8018
90	8012
91	8019
92	8017
93	8012
94	8015
95	8017
96	8020
97	8012
98	8019
99	8019
100	8012
101	8018
102	8020
103	8017
104	8012
105	8021
106	8018
107	8012
108	8019
109	8017
110	8012
111	8019
112	8019
113	8014
114	8014
115	8019
116	8019
117	8010
118	8020
119	8019
120	8010
121	8019
122	8019
123	8011
124	8015
125	8019
126	8019
127	8012
128	8019
129	8019
130	8012
131	8017
132	8019
133	8016
134	8010
135	8019
136	8019
137	8010
138	8019
139	8019
140	8012
141	8015
142	8019
143	8020
144	8012
145	8018
146	8019
147	8012
148	8015
149	8020
150	8019
151	8010
152	8020
153	8019
154	8012
155	8016
156	8020
157	8020
158	8013
159	8018
160	8019
161	8012
162	8012
163	8020
164	8019
165	8012
166	8019
167	8020
168	8015
169	8012
170	8019
171	8019
172	8012
173	8018
174	8019
175	8019
176	8011
177	8020
178	8020
179	8012
180	8013
181	8019
182	8019
183	8012
184	8019
185	8019
186	8019
187	8011
188	8019
189	8019
190	8011
191	8013
192	8019
193	8019
194	8012
195	8017
196	8020
197	8019
198	8011
199	8019
200	8020
201	8016
202	8013
203	8019
204	8017
205	8013
206	8013
207	8019
208	8019
209	8013
210	8015
211	8019
212	8017
213	8013
214	8019
215	8017
216	8019
217	8013
218	8018
219	8019
220	8019
221	8013
222	8019
223	8019
224	8017
225	8012
226	8018
227	8019
228	8013
229	8016
230	8019
231	8019
232	8010
233	8020
234	8019
235	8012
236	8020
237	8019
238	8012
239	8019
240	8018
241	8016
242	8012
243	8017
244	8019
245	8012
246	8020
247	8020
248	8012
249	8019
250	8019
251	8018
252	8012
253	8019
254	8017
255	8012
256	8020
257	8017
258	8012
259	8017
260	8017
261	8019
262	8012
263	8020
264	8019
265	8012
266	8019
267	8020
268	8014
269	8013
270	8019
271	8018
272	8012
273	8020
274	8019
275	8012
276	8014
277	8019
278	8019
279	8012
280	8020
281	8019
282	8010
283	8016
284	8019
285	8018
286	8012
287	8019
288	8020
289	8012
290	8017
291	8020
292	8020
293	8012
294	8019
295	8019
296	8010
297	8016
298	8019
299	8018
300	8012
301	8019
302	8020
303	8012
304	8015
305	8019
306	8019
307	8012
308	8020
309	8020
310	8011
311	8012
312	8019
313	8018
314	8012
315	8019
316	8019
317	8016
318	8012
319	8019
320	8019
321	8011
322	8019
323	8019
324	8020
325	8012
326	8019
327	8017
328	8012
329	8014
330	8019
331	8020
332	8013
333	8019
334	8019
335	8015
336	8013
337	8020
338	8017
339	8012
340	8017
341	8017
342	8020
343	8013
344	8019
345	8020
346	8015
347	8012
348	8019
349	8018
350	8012
351	8017
352	8017
353	8020
354	8013
355	8017
356	8019
357	8018
358	8013
359	8019
360	8019
361	8013
362	8012
363	8017
364	8020
365	8013
366	8014
367	8019
368	8019
369	8011
370	8019
371	8019
372	8019
373	8013
374	8019
375	8020
376	8017
377	8011
378	8019
379	8019
380	8011
381	8012
382	8019
383	8017
384	8012
385	8016
386	8019
387	8019
388	8012
389	8019
390	8019
391	8018
392	8014
393	8019
394	8017
395	8018
396	8012
397	8018
398	8019
399	8015
400	8012
401	8019
402	8019
403	8012
404	8013
405	8017
406	8019
407	8012
408	8013
409	8019
410	8019
411	8010
412	8019
413	8020
414	8020
415	8013
416	8014
417	8019
418	8019
419	8014
420	8013
421	8019
422	8017
423	8019
424	8013
425	8011
426	8020
427	8019
428	8019
429	8013
430	8018
431	8020
432	8019
433	8011
434	8013
435	8019
436	8017
437	8020
438	8013
439	8013
440	8019
441	8020
442	8014
443	8013
444	8019
445	8019
446	8019
447	8011
448	8013
449	8019
450	8018
451	8017
452	8013
453	8018
454	8019
455	8019
456	8013
457	8013
458	8019
459	8020
460	8018
461	8011
462	8019
463	8019
464	8017
465	8013
466	8013
467	8017
468	8019
469	8019
470	8013
471	8018
472	8019
473	8019
474	8013
475	8011
476	8019
477	8019
478	8017
479	8019
480	8014
481	8012
482	8013
483	8019
484	8019
485	8019
486	8019
487	8017
488	8013
489	8012
490	8014
491	8019
492	8018
493	8019
494	8019
495	8012
496	8013
497	8014
498	8019
499	8020
500	8019
501	8019
502	8016
503	8012
504	8013
505	8017
506	8017
507	8019
508	8019
509	8016
510	8013
511	8014
512	8016
513	8019
514	8020
515	8020
516	8018
517	8012
518	8013
519	8016
520	8018
521	8020
522	8019
523	8017
524	8013
525	8013
526	8016
527	8019
528	8020
529	8019
530	8017
531	8011
532	8014
533	8019
534	8018
535	8019
536	8019
537	8012
538	8013
539	8013
540	8019
541	8019
542	8020
543	8021
544	8013
545	8012
546	8015
547	8019
548	8017
549	8020
550	8015
551	8013
552	8014
553	8020
554	8020
555	8020
556	8019
557	8013
558	8013
559	8014
560	8019
561	8019
562	8017
563	8013
564	8014
565	8011
566	8019
567	8019
568	8019
569	8017
570	8013
571	8013
572	8020
573	8017
574	8019
575	8020
576	8011
577	8014
578	8019
579	8019
580	8019
581	8019
582	8013
583	8014
584	8018
585	8019
586	8019
587	8018
588	8013
589	8013
590	8015
591	8019
592	8019
593	8019
594	8013
595	8013
596	8017
597	8019
598	8020
599	8019
600	8013
601	8011
602	8014
603	8019
604	8017
605	8019
606	8019
607	8019
608	8016
609	8014
610	8014
611	8014
612	8015
613	8020
614	8019
615	8017
616	8020
617	8019
618	8012
619	8014
620	8014
621	8014
622	8019
623	8020
624	8019
625	8019
626	8018
627	8016
628	8013
629	8012
630	8014
631	8019
632	8017
633	8019
634	8019
635	8019
636	8014
637	8014
638	8014
639	8016
640	8018
641	8019
642	8019
643	8017
644	8014
645	8014
646	8011
647	8014
648	8019
649	8020
650	8019
651	8019
652	8016
653	8013
654	8012
655	8013
656	8019
657	8017
658	8019
659	8019
660	8015
661	8013
662	8013
663	8013
664	8020
665	8019
666	8020
667	8020
668	8012
669	8014
670	8013
671	8015
672	8020
673	8022
674	8017
675	8019
676	8014
677	8013
678	8014
679	8019
680	8019
681	8019
682	8018
683	8015
684	8014
685	8012
686	8017
687	8019
688	8017
689	8020
690	8018
691	8013
692	8013
693	8015
694	8019
695	8019
696	8017
697	8019
698	8013
699	8011
700	8014
701	8019
702	8017
703	8019
704	8019
705	8013
706	8013
707	8014
708	8019
709	8019
710	8018
711	8019
712	8014
713	8012
714	8015
715	8019
716	8018
717	8019
718	8017
719	8013
720	8013
721	8018
722	8019
723	8019
724	8017
725	8014
726	8014
727	8012
728	8014
729	8014
730	8012
731	8014
732	8014
733	8014
734	8014
735	8014
736	8014
737	8014
738	8012
739	8014
740	8014
741	8013
742	8014
743	8014
744	8013
745	8014
746	8015
747	8014
748	8014
749	8014
750	8014
751	8014
752	8012
753	8014
754	8014
755	8012
756	8014
757	8014
758	8014
759	8014
760	8014
761	8014
762	8016
763	8014
764	8014
765	8014
766	8012
767	8014
768	8014
769	8012
770	8014
771	8014
772	8014
773	8014
774	8015
775	8016
776	8017
777	8017
778	8019
779	8019
780	8017
781	8019
782	8019
783	8017
784	8020
785	8019
786	8019
787	8019
788	8020
789	8019
790	8019
791	8018
792	8020
793	8019
794	8017
795	8020
796	8019
797	8017
798	8019
799	8019
800	8019
801	8019
802	8019
803	8019
804	8019
805	8017
806	8020
807	8019
808	8017
809	8019
810	8019
811	8017
812	8019
813	8019
814	8019
815	8019
816	8018
817	8019
818	8019
819	8017
820	8019
821	8019
822	8017
823	8019
824	8019
825	8017
826	8019
827	8019
828	8020
829	8019
830	8019
831	8019
832	8019
833	8017
834	8019
835	8019
836	8017
837	8019
838	8019
839	8018
840	8019
841	8019
842	8019
843	8019
844	8019
845	8019
846	8020
847	8017
848	8019
849	8019
850	8018
851	8019
852	8019
853	8019
854	8019
855	8019
856	8019
857	8019
858	8017
859	8016
860	8014
861	8012
862	8014
863	8014
864	8012
865	8014
866	8014
867	8014
868	8014
869	8014
870	8014
871	8801
872	8014
873	8014
874	8014
875	8014
876	8016
877	8019
878	8017
879	8020
880	8019
881	8017
882	8019
883	8019
884	8019
885	8020
886	8019
887	8019
888	8019
889	8019
890	8019
891	8015
892	8012
893	8014
894	8014
895	8012
896	8014
897	8014
898	8014
899	8014
900	8014
901	8014
902	8018
903	8017
904	8019
905	8019
906	8017
907	8019
908	8019
909	8017
910	8019
911	8019
912	8018
913	8019
914	8016
915	8014
916	8014
917	8014
918	8014
919	8014
920	8012
921	8014
922	8014
923	8014
924	8019
925	8019
926	8017
927	8019
928	8019
929	8019
930	8020
931	8019
932	8019
933	8017
934	8012
935	8014
936	8014
937	8012
938	8014
939	8014
940	8014
941	8016
942	8019
943	8019
944	8019
945	8020
946	8019
947	8019
948	8017
949	8019
950	8017
951	8012
952	8014
953	8014
954	8014
955	8014
956	8014
957	8015
958	8019
959	8017
960	8019
961	8019
962	8017
963	8020
964	8019
965	8017
966	8015
967	8014
968	8014
969	8014
970	8014
971	8014
972	8015
973	8017
974	8019
975	8019
976	8017
977	8019
978	8019
979	8016
980	8014
981	8014
982	8014
983	8014
984	8016
985	8019
986	8019
987	8017
988	8019
989	8019
990	8015
991	8014
992	8014
993	8012
994	8014
995	8019
996	8019
997	8019
998	8019
999	8019
1000	8019
