"ITERNUM"	"METIME1"	"METIME2"
1	4009	4005
2	4011	4010
3	4009	4012
4	4002	4012
5	4009	4010
6	4009	4003
7	4011	4010
8	4011	4010
9	4002	4012
10	4009	4012
11	4009	4005
12	4009	4010
13	4011	4010
14	4007	4007
15	4009	4012
16	4009	4010
17	4005	4012
18	4009	4010
19	4010	4004
20	4011	4010
21	4011	4010
22	4003	4012
23	4009	4012
24	4009	4003
25	4009	4010
26	4011	4010
27	4004	4010
28	4009	4012
29	4009	4005
30	4009	4012
31	4009	4010
32	4004	4010
33	4011	4010
34	4009	4007
35	4008	4012
36	4009	4012
37	4005	4007
38	4011	4010
39	4011	4009
40	4007	4010
41	4009	4012
42	4008	4006
43	4009	4010
44	4011	4010
45	4004	4010
46	4011	4010
47	4009	4005
48	4009	4012
49	4009	4010
50	4002	4010
51	4011	4010
52	4011	4003
53	4009	4012
54	4009	4012
55	4002	4012
56	4009	4010
57	4011	4004
58	4011	4010
59	4009	4012
60	4002	4012
61	4009	4012
62	4009	4004
63	4011	4010
64	4011	4010
65	4004	4010
66	4009	4012
67	4009	4007
68	4009	4010
69	4011	4010
70	4005	4009
71	4011	4010
72	4009	4008
73	4008	4012
74	4009	4010
75	4005	4007
76	4011	4010
77	4011	4006
78	4007	4012
79	4009	4012
80	4005	4009
81	4009	4010
82	4011	4007
83	4009	4010
84	4009	4012
85	4006	4009
86	4009	4012
87	4009	4008
88	4008	4010
89	4011	4010
90	4007	4007
91	4009	4012
92	4009	4010
93	4006	4010
94	4011	4010
95	4008	4006
96	4011	4010
97	4009	4009
98	4007	4012
99	4009	4010
100	4005	4008
101	4011	4010
102	4011	4006
103	4008	4012
104	4009	4012
105	4004	4010
106	4009	4010
107	4011	4010
108	4004	4127
109	4009	4012
110	4009	4005
111	4009	4012
112	4009	4010
113	4009	4005
114	4011	4010
115	4011	4010
116	4002	4012
117	4009	4012
118	4009	4005
119	4010	4010
120	4011	4010
121	4011	4003
122	4009	4012
123	4009	4012
124	4002	4010
125	4011	4010
126	4011	4007
127	4009	4010
128	4009	4012
129	4009	4005
130	4009	4010
131	4009	4010
132	4004	4010
133	4011	4010
134	4009	4010
135	4006	4012
136	4009	4012
137	4009	4003
138	4011	4010
139	4011	4010
140	4002	4012
141	4009	4012
142	4009	4010
143	4006	4010
144	4011	4010
145	4011	4003
146	4011	4010
147	4009	4012
148	4002	4012
149	4009	4010
150	4011	4006
151	4009	4010
152	4011	4010
153	4008	4006
154	4009	4012
155	4009	4010
156	4002	4010
157	4011	4010
158	4011	4003
159	4009	4012
160	4009	4012
161	4005	4009
162	4009	4010
163	4011	4010
164	4004	4010
165	4009	4012
166	4009	4005
167	4009	4012
168	4009	4010
169	4004	4010
170	4011	4010
171	4011	4008
172	4006	4012
173	4009	4012
174	4009	4003
175	4011	4010
176	4011	4010
177	4004	4010
178	4009	4012
179	4009	4005
180	4009	4010
181	4009	4010
182	4005	4009
183	4011	4010
184	4009	4009
185	4006	4012
186	4009	4012
187	4008	4004
188	4011	4010
189	4011	4010
190	4004	4010
191	4009	4012
192	4009	4005
193	4009	4010
194	4011	4010
195	4004	4010
196	4011	4010
197	4009	4008
198	4008	4012
199	4009	4010
200	4007	4005
201	4011	4010
202	4011	4010
203	4002	4012
204	4009	4012
205	4009	4005
206	4009	4010
207	4011	4010
208	4004	4010
209	4009	4012
210	4009	4005
211	4009	4012
212	4009	4010
213	4005	4009
214	4011	4010
215	4011	4007
216	4007	4012
217	4009	4012
218	4007	4005
219	4011	4010
220	4011	4010
221	4005	4010
222	4009	4012
223	4009	4005
224	4009	4010
225	4009	4010
226	4004	4010
227	4011	4010
228	4009	4006
229	4009	4012
230	4009	4012
231	4009	4003
232	4011	4010
233	4011	4010
234	4001	4012
235	4009	4012
236	4009	4012
237	4004	4010
238	4011	4010
239	4011	4003
240	4011	4010
241	4009	4012
242	4007	4007
243	4009	4010
244	4011	4010
245	4004	4010
246	4011	4010
247	4009	4008
248	4007	4012
249	4009	4010
250	4009	4003
251	4011	4010
252	4011	4010
253	4002	4012
254	4009	4012
255	4009	4012
256	4002	4010
257	4011	4010
258	4011	4003
259	4009	4012
260	4009	4012
261	4006	4008
262	4009	4010
263	4011	4010
264	4004	4010
265	4011	4010
266	4009	4005
267	4009	4012
268	4009	4010
269	4010	4004
270	4011	4010
271	4011	4010
272	4002	4012
273	4009	4012
274	4009	4005
275	4009	4010
276	4011	4010
277	4011	4003
278	4009	4012
279	4009	4012
280	4002	4012
281	4009	4010
282	4011	4005
283	4010	4010
284	4009	4012
285	4009	4005
286	4009	4012
287	4009	4010
288	4004	4010
289	4011	4010
290	4011	4005
291	4009	4012
292	4009	4012
293	4008	4004
294	4011	4010
295	4011	4010
296	4004	4010
297	4009	4012
298	4009	4005
299	4009	4010
300	4009	4010
301	4007	4007
302	4011	4010
303	4009	4012
304	4002	4012
305	4009	4012
306	4009	4003
307	4011	4010
308	4011	4010
309	4002	4012
310	4009	4012
311	4009	4011
312	4005	4010
313	4011	4010
314	4011	4004
315	4011	4010
316	4009	4012
317	4002	4012
318	4009	4010
319	4011	4005
320	4011	4010
321	4011	4010
322	4006	4008
323	4009	4012
324	4009	4010
325	4002	4010
326	4011	4010
327	4011	4003
328	4009	4012
329	4009	4012
330	4002	4012
331	4009	4010
332	4011	4006
333	4009	4010
334	4009	4012
335	4008	4007
336	4009	4012
337	4009	4010
338	4004	4010
339	4011	4010
340	4011	4003
341	4009	4012
342	4009	4012
343	4002	4010
344	4011	4010
345	4011	4005
346	4010	4010
347	4009	4012
348	4007	4007
349	4009	4010
350	4010	4011
351	4004	4010
352	4011	4010
353	4009	4010
354	4005	4012
355	4009	4012
356	4009	4003
357	4011	4010
358	4011	4010
359	4008	4005
360	4009	4012
361	4009	4012
362	4001	4010
363	4011	4010
364	4011	4010
365	4004	4010
366	4009	4012
367	4009	4006
368	4009	4010
369	4011	4010
370	4011	4003
371	4011	4010
372	4009	4012
373	4002	4011
374	4009	4010
375	4009	4010
376	4004	4010
377	4011	4010
378	4009	4006
379	4009	4012
380	4009	4012
381	4009	4003
382	4011	4010
383	4011	4010
384	4004	4010
385	4009	4012
386	4009	4012
387	4002	4010
388	4011	4010
389	4011	4003
390	4011	4010
391	4009	4012
392	4007	4007
393	4009	4012
394	4009	4010
395	4004	4010
396	4011	4010
397	4009	4008
398	4007	4012
399	4009	4012
400	4009	4003
401	4011	4010
402	4011	4010
403	4004	4010
404	4009	4012
405	4009	4012
406	4003	4010
407	4011	4010
408	4011	4003
409	4011	4010
410	4009	4012
411	4004	4009
412	4009	4012
413	4009	4010
414	4004	4010
415	4011	4010
416	4009	4005
417	4009	4012
418	4009	4012
419	4007	4005
420	4011	4010
421	4011	4010
422	4004	4010
423	4009	4012
424	4009	4005
425	4009	4010
426	4011	4010
427	4009	4004
428	4011	4010
429	4009	4012
430	4002	4012
431	4009	4010
432	4009	4004
433	4011	4010
434	4011	4010
435	4007	4007
436	4009	4012
437	4009	4012
438	4002	4010
439	4011	4010
440	4011	4003
441	4009	4012
442	4009	4012
443	4006	4008
444	4009	4010
445	4011	4010
446	4004	4010
447	4011	4010
448	4009	4005
449	4009	4012
450	4009	4010
451	4006	4008
452	4011	4010
453	4011	4010
454	4003	4012
455	4009	4012
456	4009	4005
457	4009	4010
458	4011	4010
459	4004	4010
460	4009	4012
461	4009	4009
462	4006	4012
463	4009	4010
464	4011	4004
465	4011	4010
466	4011	4010
467	4002	4012
468	4009	4012
469	4009	4003
470	4011	4010
471	4011	4010
472	4007	4007
473	4009	4012
474	4009	4012
475	4003	4010
476	4009	4010
477	4011	4003
478	4011	4010
479	4009	4012
480	4002	4012
481	4009	4012
482	4009	4005
483	4011	4011
484	4011	4010
485	4006	4008
486	4009	4012
487	4009	4012
488	4003	4010
489	4011	4010
490	4011	4003
491	4011	4010
492	4009	4012
493	4003	4012
494	4009	4010
495	4011	4004
496	4011	4010
497	4011	4010
498	4005	4009
499	4009	4012
500	4009	4010
501	4004	4010
502	4011	4010
503	4011	4003
504	4009	4012
505	4009	4012
506	4002	4012
507	4009	4010
508	4011	4003
509	4011	4010
510	4011	4010
511	4002	4012
512	4009	4012
513	4009	4005
514	4010	4010
515	4011	4010
516	4008	4006
517	4009	4012
518	4009	4012
519	4004	4010
520	4009	4010
521	4011	4004
522	4011	4010
523	4009	4012
524	4002	4012
525	4009	4012
526	4009	4004
527	4011	4010
528	4011	4010
529	4002	4012
530	4009	4012
531	4009	4005
532	4009	4010
533	4011	4010
534	4005	4009
535	4011	4010
536	4009	4008
537	4008	4012
538	4009	4010
539	4008	4006
540	4011	4010
541	4011	4009
542	4005	4012
543	4009	4012
544	4009	4003
545	4009	4010
546	4011	4010
547	4004	4010
548	4009	4012
549	4009	4005
550	4009	4012
551	4009	4010
552	4004	4010
553	4011	4010
554	4011	4003
555	4009	4012
556	4009	4014
557	4002	4011
558	4011	4010
559	4011	4003
560	4011	4010
561	4009	4012
562	4002	4012
563	4009	4010
564	4009	4003
565	4011	4010
566	4011	4010
567	4003	4012
568	4009	4012
569	4009	4005
570	4009	4010
571	4011	4010
572	4004	4010
573	4009	4012
574	4009	4005
575	4009	4012
576	4009	4010
577	4004	4010
578	4011	4010
579	4011	4004
580	4009	4012
581	4009	4012
582	4002	4010
583	4011	4010
584	4011	4004
585	4011	4010
586	4009	4012
587	4003	4012
588	4009	4010
589	4009	4004
590	4011	4011
591	4011	4010
592	4002	4012
593	4009	4012
594	4009	4012
595	4002	4010
596	4011	4010
597	4011	4006
598	4009	4010
599	4009	4012
600	4009	4005
601	4009	4010
602	4011	4010
603	4010	4004
604	4011	4010
605	4009	4012
606	4002	4012
607	4009	4010
608	4009	4010
609	4004	4010
610	4011	4010
611	4009	4008
612	4007	4012
613	4009	4012
614	4009	4002
615	4011	4010
616	4011	4010
617	4007	4007
618	4009	4012
619	4009	4012
620	4002	4010
621	4011	4010
622	4011	4010
623	4004	4010
624	4009	4012
625	4009	4005
626	4009	4010
627	4011	4010
628	4011	4003
629	4011	4010
630	4009	4012
631	4003	4011
632	4009	4010
633	4009	4010
634	4004	4010
635	4011	4010
636	4010	4007
637	4008	4014
638	4009	4012
639	4009	4003
640	4011	4010
641	4012	4010
642	4002	4011
643	4009	4012
644	4009	4012
645	4002	4010
646	4011	4010
647	4013	4003
648	4011	4010
649	4009	4012
650	4009	4005
651	4009	4010
652	4011	4010
653	4004	4010
654	4011	4010
655	4009	4012
656	4004	4012
657	4009	4012
658	4009	4003
659	4011	4010
660	4011	4010
661	4006	4008
662	4009	4012
663	4009	4012
664	4002	4010
665	4011	4010
666	4011	4006
667	4010	4010
668	4009	4012
669	4009	4005
670	4009	4010
671	4011	4010
672	4004	4010
673	4011	4010
674	4009	4011
675	4005	4012
676	4009	4010
677	4009	4003
678	4011	4010
679	4011	4010
680	4003	4010
681	4009	4012
682	4009	4012
683	4003	4010
684	4011	4010
685	4011	4003
686	4009	4012
687	4009	4012
688	4005	4009
689	4009	4010
690	4011	4010
691	4004	4010
692	4011	4010
693	4009	4005
694	4009	4012
695	4009	4010
696	4007	4007
697	4011	4010
698	4011	4010
699	4002	4012
700	4009	4012
701	4009	4003
702	4009	4010
703	4011	4010
704	4006	4008
705	4009	4012
706	4009	4012
707	4002	4012
708	4009	4010
709	4011	4003
710	4011	4010
711	4009	4012
712	4003	4011
713	4009	4012
714	4009	4010
715	4005	4010
716	4011	4010
717	4011	4003
718	4009	4012
719	4009	4012
720	4002	4010
721	4011	4010
722	4011	4008
723	4008	4010
724	4009	4012
725	4009	4005
726	4009	4010
727	4009	4010
728	4004	4010
729	4011	4010
730	4009	4006
731	4009	4012
732	4009	4012
733	4006	4006
734	4011	4010
735	4011	4010
736	4002	4012
737	4009	4012
738	4009	4005
739	4009	4010
740	4011	4010
741	4004	4010
742	4011	4010
743	4009	4009
744	4006	4012
745	4009	4010
746	4008	4004
747	4011	4010
748	4011	4010
749	4002	4012
750	4009	4012
751	4009	4005
752	4009	4010
753	4011	4010
754	4004	4010
755	4009	4012
756	4009	4009
757	4007	4012
758	4009	4010
759	4010	4005
760	4011	4010
761	4011	4010
762	4002	4012
763	4009	4012
764	4009	4003
765	4011	4010
766	4011	4010
767	4004	4010
768	4009	4012
769	4009	4007
770	4009	4012
771	4009	4010
772	4008	4006
773	4011	4010
774	4009	4012
775	4004	4012
776	4009	4012
777	4009	4003
778	4011	4011
779	4011	4010
780	4004	4010
781	4009	4012
782	4009	4005
783	4009	4010
784	4011	4010
785	4004	4010
786	4011	4010
787	4009	4007
788	4009	4012
789	4009	4010
790	4005	4007
791	4011	4010
792	4011	4009
793	4004	4012
794	4009	4012
795	4009	4005
796	4009	4010
797	4011	4010
798	4004	4010
799	4009	4012
800	4009	4006
801	4009	4012
802	4009	4010
803	4004	4010
804	4011	4011
805	4011	4003
806	4009	4012
807	4009	4012
808	4002	4010
809	4011	4010
810	4011	4004
811	4011	4010
812	4009	4012
813	4004	4010
814	4009	4012
815	4009	4007
816	4009	4010
817	4011	4010
818	4006	4008
819	4009	4012
820	4009	4011
821	4005	4010
822	4011	4010
823	4010	4004
824	4011	4010
825	4009	4012
826	4003	4012
827	4009	4010
828	4011	4004
829	4011	4010
830	4011	4010
831	4002	4012
832	4009	4012
833	4009	4003
834	4009	4010
835	4011	4010
836	4004	4010
837	4009	4012
838	4009	4005
839	4009	4012
840	4009	4010
841	4005	4010
842	4011	4010
843	4009	4005
844	4009	4012
845	4009	4012
846	4002	4010
847	4011	4010
848	4011	4004
849	4011	4010
850	4009	4012
851	4002	4012
852	4009	4010
853	4011	4003
854	4011	4010
855	4011	4010
856	4002	4012
857	4009	4012
858	4009	4003
859	4009	4010
860	4011	4010
861	4005	4010
862	4009	4012
863	4009	4005
864	4009	4012
865	4009	4010
866	4004	4010
867	4011	4010
868	4009	4005
869	4009	4012
870	4009	4012
871	4002	4010
872	4011	4010
873	4011	4003
874	4011	4010
875	4009	4012
876	4002	4012
877	4009	4010
878	4011	4004
879	4011	4010
880	4011	4010
881	4003	4012
882	4009	4012
883	4009	4003
884	4009	4010
885	4011	4010
886	4004	4010
887	4009	4012
888	4009	4006
889	4009	4012
890	4009	4010
891	4004	4010
892	4011	4010
893	4011	4003
894	4009	4012
895	4009	4012
896	4003	4010
897	4011	4010
898	4010	4004
899	4011	4010
900	4009	4010
901	4006	4012
902	4009	4010
903	4006	4007
904	4011	4010
905	4011	4007
906	4007	4012
907	4009	4012
908	4003	4011
909	4009	4010
910	4011	4004
911	4011	4011
912	4009	4012
913	4002	4012
914	4009	4012
915	4009	4004
916	4011	4010
917	4011	4010
918	4004	4010
919	4009	4012
920	4009	4006
921	4009	4010
922	4011	4010
923	4005	4010
924	4011	4010
925	4009	4005
926	4009	4012
927	4009	4011
928	4005	4010
929	4011	4010
930	4008	4006
931	4009	4012
932	4009	4008
933	4008	4012
934	4009	4010
935	4004	4010
936	4011	4010
937	4011	4003
938	4009	4012
939	4009	4012
940	4003	4010
941	4011	4010
942	4011	4004
943	4011	4010
944	4009	4012
945	4002	4012
946	4009	4010
947	4009	4004
948	4011	4010
949	4011	4009
950	4005	4012
951	4009	4012
952	4005	4009
953	4009	4010
954	4011	4005
955	4011	4010
956	4009	4012
957	4002	4012
958	4009	4012
959	4009	4010
960	4003	4010
961	4011	4010
962	4011	4010
963	4001	4012
964	4009	4012
965	4009	4010
966	4003	4010
967	4011	4010
968	4011	4010
969	4001	4012
970	4009	4012
971	4009	4012
972	4003	4008
973	4011	4010
974	4011	4010
975	4007	4006
976	4009	4012
977	4009	4012
978	4006	4005
979	4011	4010
980	4011	4010
981	4009	4004
982	4009	4012
983	4009	4012
984	4008	4003
985	4009	4010
986	4011	4010
987	4011	4002
988	4009	4012
989	4009	4012
990	4009	4004
991	4220	4347
992	4011	4010
993	4009	4004
994	4011	4010
995	4009	4012
996	4008	4005
997	4009	4010
998	4009	4010
999	4010	4003
1000	4011	4010
