ITERNUM	METIME
1	16039
2	16034
3	16036
4	16037
5	16036
6	16035
7	16036
8	16037
9	16036
10	16035
11	16036
12	16037
13	16036
14	16034
15	16037
16	16037
17	16037
18	16035
19	16037
20	16037
21	16037
22	16035
23	16037
24	16037
25	16037
26	16035
27	16035
28	16037
29	16037
30	16036
31	16034
32	16036
33	16037
34	16035
35	16034
36	16037
37	16036
38	16036
39	16034
40	16036
41	16037
42	16035
43	16035
44	16037
45	16037
46	16035
47	16035
48	16037
49	16037
50	16035
51	16035
52	16037
53	16036
54	16035
55	16035
56	16037
57	16037
58	16035
59	16034
60	16037
61	16037
62	16035
63	16035
64	16037
65	16037
66	16035
67	16035
68	16040
69	16037
70	16035
71	16035
72	16037
73	16037
74	16037
75	16032
76	16037
77	16037
78	16033
79	16031
80	16034
81	16042
82	16035
83	16032
84	16042
85	16035
86	16042
87	16033
88	16042
89	16035
90	16035
91	16034
92	16036
93	16036
94	16034
95	16040
96	16033
97	16042
98	16035
99	16035
100	16033
101	16042
102	16042
103	16040
104	16040
105	16042
106	16039
107	16031
108	16031
109	16034
110	16042
111	16033
112	16038
113	16035
114	16042
115	16034
116	16034
117	16041
118	16036
119	16035
120	16034
121	16036
122	16037
123	16037
124	16035
125	16036
126	16037
127	16037
128	16035
129	16037
130	16037
131	16037
132	16035
133	16037
134	16037
135	16037
136	16035
137	16037
138	16037
139	16036
140	16035
141	16037
142	16037
143	16037
144	16035
145	16037
146	16037
147	16033
148	16035
149	16035
150	16033
151	16038
152	16035
153	16034
154	16034
155	16038
156	16036
157	16033
158	16035
159	16038
160	16036
161	16032
162	16038
163	16038
164	16032
165	16036
166	16036
167	16038
168	16036
169	16032
170	16037
171	16037
172	16036
173	16035
174	16035
175	16037
176	16031
177	16036
178	16034
179	16039
180	16035
181	16036
182	16038
183	16038
184	16038
185	16036
186	16038
187	16037
188	16038
189	16036
190	16038
191	16038
192	16037
193	16036
194	16037
195	16038
196	16038
197	16035
198	16038
199	16037
200	16038
201	16036
202	16033
203	16037
204	16037
205	16035
206	16036
207	16034
208	16038
209	16034
210	16036
211	16037
212	16037
213	16036
214	16031
215	16037
216	16038
217	16036
218	16035
219	16037
220	16037
221	16031
222	16036
223	16037
224	16038
225	16036
226	16035
227	16037
228	16034
229	16036
230	16034
231	16037
232	16038
233	16036
234	16036
235	16035
236	16038
237	16031
238	16035
239	16037
240	16037
241	16036
242	16036
243	16038
244	16035
245	16036
246	16031
247	16037
248	16033
249	16036
250	16032
251	16037
252	16034
253	16035
254	16032
255	16038
256	16034
257	16037
258	16032
259	16038
260	16035
261	16038
262	16035
263	16038
264	16037
265	16038
266	16035
267	16038
268	16038
269	16037
270	16036
271	16038
272	16038
273	16037
274	16036
275	16037
276	16038
277	16038
278	16033
279	16038
280	16034
281	16037
282	16036
283	16037
284	16038
285	16035
286	16035
287	16031
288	16037
289	16035
290	16036
291	16036
292	16037
293	16038
294	16035
295	16035
296	16034
297	16037
298	16032
299	16036
300	16037
301	16035
302	16036
303	16035
304	16036
305	16038
306	16034
307	16036
308	16038
309	16034
310	16036
311	16036
312	16034
313	16038
314	16035
315	16036
316	16038
317	16034
318	16036
319	16035
320	16037
321	16038
322	16032
323	16036
324	16037
325	16038
326	16036
327	16033
328	16038
329	16034
330	16036
331	16034
332	16038
333	16037
334	16036
335	16036
336	16035
337	16038
338	16032
339	16036
340	16033
341	16038
342	16036
343	16035
344	16038
345	16035
346	16035
347	16032
348	16038
349	16038
350	16036
351	16035
352	16034
353	16038
354	16032
355	16036
356	16037
357	16038
358	16038
359	16032
360	16038
361	16038
362	16038
363	16036
364	16034
365	16038
366	16038
367	16035
368	16038
369	16034
370	16038
371	16036
372	16038
373	16038
374	16034
375	16036
376	16036
377	16038
378	16038
379	16033
380	16038
381	16034
382	16038
383	16036
384	16037
385	16038
386	16034
387	16036
388	16033
389	16038
390	16038
391	16033
392	16038
393	16036
394	16038
395	16036
396	16034
397	16038
398	16038
399	16032
400	16036
401	16037
402	16038
403	16036
404	16032
405	16038
406	16038
407	16034
408	16036
409	16034
410	16038
411	16036
412	16032
413	16038
414	16034
415	16036
416	16036
417	16036
418	16038
419	16032
420	16036
421	16038
422	16038
423	16036
424	16032
425	16037
426	16035
427	16036
428	16036
429	16037
430	16038
431	16032
432	16036
433	16036
434	16038
435	16036
436	16035
437	16038
438	16034
439	16036
440	16036
441	16034
442	16038
443	16032
444	16036
445	16038
446	16038
447	16036
448	16033
449	16038
450	16034
451	16037
452	16034
453	16037
454	16037
455	16038
456	16036
457	16034
458	16037
459	16034
460	16036
461	16037
462	16038
463	16038
464	16035
465	16038
466	16034
467	16037
468	16032
469	16038
470	16037
471	16038
472	16036
473	16037
474	16038
475	16033
476	16035
477	16033
478	16037
479	16035
480	16035
481	16036
482	16038
483	16038
484	16034
485	16036
486	16033
487	16038
488	16032
489	16036
490	16038
491	16038
492	16036
493	16032
494	16038
495	16034
496	16036
497	16035
498	16038
499	16038
500	16033
501	16036
502	16034
503	16037
504	16034
505	16036
506	16038
507	16038
508	16036
509	16032
510	16038
511	16034
512	16036
513	16036
514	16038
515	16038
516	16034
517	16036
518	16034
519	16038
520	16032
521	16036
522	16038
523	16037
524	16038
525	16034
526	16037
527	16033
528	16037
529	16031
530	16037
531	16038
532	16038
533	16036
534	16036
535	16038
536	16033
537	16036
538	16034
539	16038
540	16038
541	16036
542	16038
543	16034
544	16038
545	16032
546	16038
547	16035
548	16038
549	16036
550	16035
551	16037
552	16034
553	16035
554	16031
555	16038
556	16035
557	16036
558	16035
559	16038
560	16038
561	16032
562	16036
563	16034
564	16037
565	16032
566	16036
567	16040
568	16038
569	16036
570	16035
571	16038
572	16034
573	16036
574	16032
575	16037
576	16036
577	16035
578	16035
579	16038
580	16037
581	16035
582	16036
583	16034
584	16038
585	16032
586	16036
587	16035
588	16038
589	16035
590	16036
591	16037
592	16037
593	16036
594	16032
595	16037
596	16034
597	16035
598	16032
599	16037
600	16033
601	16036
602	16031
603	16038
604	16035
605	16036
606	16033
607	16038
608	16037
609	16036
610	16036
611	16037
612	16038
613	16037
614	16036
615	16037
616	16038
617	16038
618	16036
619	16038
620	16038
621	16038
622	16037
623	16037
624	16037
625	16035
626	16036
627	16038
628	16037
629	16037
630	16032
631	16037
632	16036
633	16037
634	16036
635	16037
636	16038
637	16033
638	16035
639	16035
640	16038
641	16037
642	16036
643	16037
644	16033
645	16037
646	16035
647	16037
648	16037
649	16038
650	16038
651	16033
652	16037
653	16036
654	16035
655	16038
656	16037
657	16038
658	16031
659	16037
660	16037
661	16037
662	16035
663	16031
664	16038
665	16037
666	16036
667	16035
668	16033
669	16038
670	16035
671	16036
672	16037
673	16033
674	16035
675	16035
676	16037
677	16038
678	16033
679	16036
680	16037
681	16038
682	16035
683	16031
684	16037
685	16037
686	16036
687	16035
688	16034
689	16038
690	16035
691	16035
692	16037
693	16036
694	16035
695	16031
696	16038
697	16038
698	16036
699	16036
700	16033
701	16038
702	16034
703	16036
704	16037
705	16038
706	16035
707	16031
708	16037
709	16037
710	16037
711	16036
712	16036
713	16037
714	16033
715	16035
716	16038
717	16037
718	16038
719	16035
720	16037
721	16037
722	16034
723	16035
724	16037
725	16037
726	16037
727	16035
728	16037
729	16034
730	16037
731	16035
732	16037
733	16040
734	16037
735	16035
736	16035
737	16037
738	16037
739	16035
740	16037
741	16037
742	16033
743	16035
744	16035
745	16037
746	16037
747	16035
748	16033
749	16037
750	16037
751	16035
752	16035
753	16036
754	16037
755	16035
756	16035
757	16037
758	16037
759	16034
760	16035
761	16037
762	16037
763	16035
764	16033
765	16037
766	16586
767	16035
768	16036
769	16037
770	16037
771	16035
772	16037
773	16037
774	16036
775	16035
776	16037
777	16037
778	16037
779	16035
780	16035
781	16153
782	16037
783	16035
784	16035
785	16037
786	16037
787	16034
788	16035
789	16037
790	16037
791	16035
792	16035
793	16037
794	16037
795	16035
796	16035
797	16037
798	16037
799	16034
800	16035
801	16037
802	16037
803	16035
804	16035
805	16034
806	16037
807	16035
808	16035
809	16037
810	16035
811	16035
812	16035
813	16037
814	16037
815	16034
816	16035
817	16037
818	16037
819	16035
820	16033
821	16037
822	16037
823	16035
824	16035
825	16033
826	16037
827	16035
828	16035
829	16037
830	16036
831	16035
832	16035
833	16037
834	16036
835	16037
836	16035
837	16037
838	16037
839	16037
840	16035
841	16037
842	16037
843	16037
844	16036
845	16034
846	16037
847	16038
848	16035
849	16037
850	16033
851	16037
852	16035
853	16037
854	16037
855	16033
856	16035
857	16037
858	16037
859	16037
860	16032
861	16037
862	16037
863	16037
864	16035
865	16037
866	16037
867	16037
868	16035
869	16033
870	16037
871	16037
872	16035
873	16035
874	16036
875	16037
876	16035
877	16035
878	16034
879	16037
880	16035
881	16035
882	16037
883	16037
884	16035
885	16035
886	16037
887	16036
888	16035
889	16035
890	16037
891	16034
892	16035
893	16035
894	16037
895	16033
896	16035
897	16035
898	16037
899	16033
900	16035
901	16035
902	16037
903	16037
904	16032
905	16035
906	16037
907	16037
908	16035
909	16035
910	16037
911	16037
912	16035
913	16032
914	16037
915	16037
916	16035
917	16035
918	16035
919	16037
920	16035
921	16035
922	16036
923	16037
924	16037
925	16035
926	16037
927	16035
928	16037
929	16035
930	16037
931	16034
932	16037
933	16035
934	16037
935	16037
936	16037
937	16035
938	16037
939	16037
940	16034
941	16035
942	16037
943	16037
944	16033
945	16035
946	16037
947	16037
948	16036
949	16035
950	16035
951	16037
952	16037
953	16035
954	16035
955	16038
956	16037
957	16035
958	16035
959	16037
960	16037
961	16033
962	16035
963	16037
964	16038
965	16035
966	16033
967	16037
968	16033
969	16036
970	16035
971	16038
972	16038
973	16034
974	16035
975	16033
976	16037
977	16035
978	16035
979	16038
980	16036
981	16035
982	16034
983	16037
984	16038
985	16036
986	16037
987	16035
988	16037
989	16032
990	16037
991	16038
992	16037
993	16036
994	16033
995	16038
996	16037
997	16035
998	16037
999	16035
1000	16037
