6
11
13
20
27
34
36
41
43
47
48
50
55
57
62
64
69
75
76
83
88
90
97
99
104
110
111
118
120
125
127
129
132
136
139
143
146
150
153
160
162
167
169
174
176
181
183
188
190
195
197
199
204
205
206
211
213
215
216
218
220
225
227
232
234
241
243
248
255
257
262
264
269
271
275
276
282
283
285
290
292
297
299
300
304
306
311
313
318
320
325
327
332
339
341
343
346
353
355
360
362
367
373
374
380
381
387
388
394
395
401
402
408
409
415
416
422
423
429
430
436
437
443
450
451
452
455
462
468
472
476
483
490
493
497
498
499
