2
3
4
5
9
12
16
17
18
19
24
25
26
30
31
32
33
38
39
40
45
46
52
53
54
59
60
61
66
67
68
71
73
74
78
79
81
82
85
86
89
92
93
95
96
100
102
103
106
107
109
113
114
116
117
121
122
124
128
131
134
135
138
141
142
145
148
149
152
155
156
157
159
163
164
166
170
171
177
178
180
182
184
185
187
189
191
192
194
196
198
201
202
208
209
219
222
223
226
229
230
233
237
240
244
246
247
251
253
254
258
260
261
265
267
268
272
274
279
281
286
288
289
293
295
302
303
309
310
314
316
321
324
328
329
331
335
336
338
342
345
349
350
352
356
357
359
363
364
366
369
370
371
372
376
377
378
379
383
384
385
386
390
391
392
393
397
398
399
400
404
405
406
407
411
412
414
417
418
424
425
426
431
432
433
438
439
440
444
445
447
453
454
457
458
460
461
464
465
467
469
471
474
478
479
481
482
485
486
488
489
492
495
500
