ITERNUM	METIME	PRTIME	TPRTIME	DIFF	TDIFF	NRPROCS	NPROCS
1	1039	1039	1040	0	-1	2	146
2	1042	1041	1043	1	-1	3	147
3	1038	1038	1040	0	-2	3	147
4	1039	1039	1040	0	-1	2	146
5	1045	1039	1046	6	-1	4	146
6	1040	1040	1041	0	-1	2	147
7	1039	1039	1041	0	-2	2	147
8	1039	1039	1040	0	-1	2	146
9	1040	1040	1041	0	-1	2	146
10	1039	1039	1041	0	-2	3	147
11	1039	1039	1040	0	-1	2	147
12	1039	1038	1039	1	0	2	147
13	1039	1039	1041	0	-2	2	147
14	1039	1039	1041	0	-2	2	146
15	1040	1040	1041	0	-1	2	147
16	1040	1040	1041	0	-1	2	147
17	1039	1039	1040	0	-1	2	146
18	1040	1040	1041	0	-1	2	147
19	1041	1041	1043	0	-2	3	146
20	1039	1039	1041	0	-2	2	147
21	1039	1039	1040	0	-1	2	146
22	1038	1038	1039	0	-1	2	146
23	1038	1038	1040	0	-2	2	147
24	1038	1038	1039	0	-1	2	146
25	1039	1039	1040	0	-1	2	146
26	1040	1040	1041	0	-1	2	147
27	1040	1040	1041	0	-1	2	147
28	1039	1039	1040	0	-1	2	146
29	1039	1039	1040	0	-1	2	146
30	1039	1040	1041	-1	-2	2	146
31	1042	1040	1043	2	-1	3	146
32	1039	1038	1039	1	0	2	146
33	1040	1040	1041	0	-1	2	147
34	1040	1040	1041	0	-1	2	147
35	1039	1039	1040	0	-1	2	146
36	1040	1040	1041	0	-1	2	147
37	1042	1041	1043	1	-1	3	147
38	1043	1042	1044	1	-1	3	147
39	1039	1039	1040	0	-1	2	146
40	1046	1040	1047	6	-1	4	147
41	1039	1038	1039	1	0	2	146
42	1038	1038	1039	0	-1	2	146
43	1041	1040	1042	1	-1	3	147
44	1039	1039	1040	0	-1	2	146
45	1039	1039	1040	0	-1	2	147
46	1039	1039	1040	0	-1	2	147
47	1039	1039	1041	0	-2	3	147
48	1039	1039	1041	0	-2	2	146
49	1042	1040	1042	2	0	3	146
50	1039	1039	1041	0	-2	2	147
51	1040	1040	1041	0	-1	2	147
52	1040	1040	1041	0	-1	2	147
53	1040	1039	1040	1	0	2	146
54	1040	1040	1040	0	0	1	147
55	1042	1040	1042	2	0	3	147
56	1039	1039	1040	0	-1	2	146
57	1039	1039	1041	0	-2	2	147
58	1039	1039	1040	0	-1	2	146
59	1039	1039	1041	0	-2	2	147
60	1039	1039	1040	0	-1	2	146
61	1041	1040	1042	1	-1	3	147
62	1038	1038	1039	0	-1	2	146
63	1040	1039	1041	1	-1	3	148
64	1039	1040	1041	-1	-2	2	147
65	1039	1040	1041	-1	-2	2	146
66	1050	1042	1050	8	0	5	152
67	1040	1039	1039	1	1	1	147
68	1039	1039	1040	0	-1	2	146
69	1039	1039	1040	0	-1	2	146
70	1039	1039	1041	0	-2	3	147
71	1039	1039	1040	0	-1	2	146
72	1039	1039	1040	0	-1	2	146
73	1039	1039	1040	0	-1	2	146
74	1040	1040	1041	0	-1	2	149
75	1039	1039	1040	0	-1	2	146
76	1046	1040	1046	6	0	3	146
77	1040	1040	1041	0	-1	2	146
78	1040	1040	1041	0	-1	2	146
79	1041	1041	1043	0	-2	3	147
80	1039	1039	1041	0	-2	3	146
81	1038	1038	1039	0	-1	2	146
82	1039	1039	1040	0	-1	2	147
83	1040	1040	1041	0	-1	2	147
84	1039	1039	1040	0	-1	2	146
85	1041	1041	1043	0	-2	3	147
86	1041	1040	1041	1	0	2	146
87	1039	1039	1040	0	-1	2	146
88	1040	1040	1041	0	-1	2	147
89	1039	1039	1040	0	-1	2	146
90	1039	1039	1040	0	-1	2	147
91	1040	1040	1041	0	-1	2	147
92	1040	1040	1041	0	-1	2	147
93	1040	1039	1040	1	0	2	146
94	1040	1040	1041	0	-1	2	146
95	1040	1040	1041	0	-1	2	147
96	1039	1040	1041	-1	-2	2	147
97	1042	1041	1043	1	-1	3	147
98	1039	1039	1040	0	-1	2	146
99	1041	1040	1042	1	-1	3	147
100	1040	1040	1041	0	-1	2	147
101	1039	1039	1040	0	-1	2	147
102	1039	1039	1039	0	0	1	147
103	1041	1040	1042	1	-1	3	146
104	1039	1039	1041	0	-2	3	146
105	1039	1039	1041	0	-2	3	147
106	1040	1040	1041	0	-1	2	147
107	1040	1040	1040	0	0	1	146
108	1040	1040	1041	0	-1	2	147
109	1040	1040	1041	0	-1	2	148
110	1040	1040	1041	0	-1	2	147
111	1039	1039	1040	0	-1	2	146
112	1039	1039	1040	0	-1	2	147
113	1040	1040	1041	0	-1	2	147
114	1039	1039	1040	0	-1	2	146
115	1042	1041	1043	1	-1	3	146
116	1039	1039	1040	0	-1	2	146
117	1040	1039	1039	1	1	1	146
118	1040	1040	1041	0	-1	2	146
119	1039	1039	1040	0	-1	2	149
120	1039	1039	1040	0	-1	2	146
121	1040	1039	1041	1	-1	3	146
122	1038	1039	1040	-1	-2	2	146
123	1040	1039	1039	1	1	1	146
124	1040	1040	1041	0	-1	2	147
125	1039	1039	1040	0	-1	2	146
126	1039	1039	1040	0	-1	2	146
127	1039	1039	1040	0	-1	2	146
128	1040	1039	1039	1	1	1	147
129	1040	1039	1040	1	0	2	146
130	1040	1040	1041	0	-1	2	147
131	1039	1039	1041	0	-2	2	146
132	1039	1039	1040	0	-1	2	146
133	1043	1041	1043	2	0	3	147
134	1039	1038	1039	1	0	2	146
135	1041	1040	1042	1	-1	3	146
136	1102	1063	1102	39	0	24	224
137	1156	1049	1155	107	1	12	196
138	1050	1044	1051	6	-1	4	152
139	1038	1038	1039	0	-1	2	146
140	1039	1039	1040	0	-1	2	147
141	1039	1039	1041	0	-2	3	147
142	1039	1039	1041	0	-2	2	146
143	1040	1040	1041	0	-1	2	147
144	1042	1041	1043	1	-1	3	147
145	1039	1040	1041	-1	-2	2	146
146	1039	1039	1041	0	-2	2	147
147	1046	1041	1047	5	-1	4	146
148	1040	1040	1041	0	-1	2	147
149	1039	1039	1041	0	-2	2	146
150	1040	1040	1042	0	-2	2	146
151	1040	1040	1041	0	-1	2	146
152	1039	1040	1041	-1	-2	2	148
153	1040	1040	1042	0	-2	2	147
154	1039	1039	1040	0	-1	2	146
155	1039	1039	1041	0	-2	2	146
156	1039	1040	1041	-1	-2	2	147
157	1038	1038	1039	0	-1	2	146
158	1038	1038	1039	0	-1	2	146
159	1039	1039	1040	0	-1	2	147
160	1039	1039	1041	0	-2	2	147
161	1039	1039	1040	0	-1	2	146
162	1039	1039	1041	0	-2	2	146
163	1040	1039	1040	1	0	2	149
164	1039	1039	1040	0	-1	2	146
165	1040	1040	1041	0	-1	2	146
166	1039	1039	1040	0	-1	2	146
167	1040	1040	1041	0	-1	2	146
168	1040	1039	1039	1	1	1	146
169	1040	1039	1040	1	0	2	147
170	1039	1039	1040	0	-1	2	146
171	1039	1039	1041	0	-2	2	146
172	1040	1040	1040	0	0	1	147
173	1050	1041	1049	9	1	5	152
174	1040	1040	1041	0	-1	2	146
175	1039	1039	1040	0	-1	2	146
176	1039	1039	1041	0	-2	2	146
177	1040	1040	1040	0	0	1	147
178	1038	1039	1040	-1	-2	2	146
179	1042	1041	1044	1	-2	3	147
180	1040	1040	1041	0	-1	2	147
181	1040	1039	1040	1	0	2	146
182	1048	1040	1049	8	-1	4	146
183	1040	1040	1041	0	-1	2	147
184	1039	1039	1040	0	-1	2	147
185	1040	1040	1042	0	-2	2	146
186	1040	1039	1040	1	0	2	147
187	1040	1040	1041	0	-1	2	148
188	1040	1040	1041	0	-1	2	147
189	1039	1039	1040	0	-1	2	147
190	1041	1041	1043	0	-2	3	146
191	1039	1039	1040	0	-1	2	146
192	1040	1040	1041	0	-1	2	147
193	1040	1040	1041	0	-1	2	147
194	1039	1039	1041	0	-2	2	146
195	1039	1039	1039	0	0	1	147
196	1040	1039	1041	1	-1	3	146
197	1037	1037	1038	0	-1	2	147
198	1035	1036	1037	-1	-2	2	146
199	1036	1036	1037	0	-1	2	147
200	1036	1036	1037	0	-1	2	147
201	1036	1036	1037	0	-1	2	146
202	1038	1036	1039	2	-1	3	146
203	1036	1036	1037	0	-1	2	147
204	1035	1035	1036	0	-1	2	147
205	1035	1035	1036	0	-1	2	146
206	1034	1034	1035	0	-1	2	146
207	1035	1035	1035	0	0	1	146
208	1054	1037	1049	17	5	6	152
209	1035	1035	1036	0	-1	2	146
210	1035	1035	1036	0	-1	2	147
211	1035	1035	1036	0	-1	2	147
212	1035	1035	1035	0	0	1	146
213	1035	1035	1037	0	-2	2	147
214	1037	1036	1038	1	-1	3	147
215	1034	1034	1035	0	-1	2	147
216	1034	1034	1036	0	-2	3	146
217	1035	1035	1036	0	-1	2	147
218	1034	1034	1036	0	-2	2	146
219	1035	1035	1036	0	-1	2	146
220	1038	1037	1039	1	-1	3	147
221	1036	1036	1037	0	-1	2	146
222	1037	1037	1039	0	-2	2	147
223	1040	1040	1041	0	-1	2	147
224	1039	1039	1041	0	-2	2	147
225	1039	1039	1040	0	-1	2	146
226	1042	1040	1043	2	-1	3	146
227	1039	1039	1041	0	-2	2	147
228	1039	1039	1040	0	-1	2	147
229	1040	1040	1041	0	-1	2	147
230	1039	1039	1040	0	-1	2	146
231	1039	1040	1041	-1	-2	2	147
232	1042	1040	1041	2	1	2	147
233	1038	1038	1039	0	-1	2	146
234	1039	1038	1039	1	0	2	147
235	1039	1040	1041	-1	-2	2	146
236	1040	1040	1041	0	-1	2	147
237	1039	1039	1040	0	-1	2	146
238	1042	1041	1043	1	-1	3	147
239	1039	1039	1040	0	-1	2	146
240	1041	1040	1042	1	-1	3	148
241	1040	1040	1041	0	-1	2	147
242	1039	1039	1040	0	-1	2	146
243	1050	1043	1051	7	-1	5	152
244	1040	1040	1041	0	-1	2	147
245	1039	1039	1041	0	-2	2	146
246	1039	1039	1041	0	-2	2	146
247	1040	1040	1041	0	-1	2	147
248	1039	1039	1041	0	-2	2	147
249	1039	1039	1040	0	-1	2	146
250	1040	1040	1041	0	-1	2	146
251	1038	1038	1039	0	-1	2	146
252	1038	1037	1037	1	1	1	146
253	1045	1040	1046	5	-1	4	146
254	1040	1040	1040	0	0	1	147
255	1039	1040	1041	-1	-2	2	146
256	1040	1040	1041	0	-1	2	146
257	1039	1039	1040	0	-1	2	147
258	1039	1039	1041	0	-2	2	146
259	1040	1040	1041	0	-1	2	146
260	1039	1039	1041	0	-2	2	146
261	1042	1041	1043	1	-1	3	147
262	1039	1039	1040	0	-1	2	146
263	1039	1039	1040	0	-1	2	146
264	1040	1039	1040	1	0	2	147
265	1040	1040	1041	0	-1	2	147
266	1039	1039	1040	0	-1	2	146
267	1041	1040	1043	1	-2	3	147
268	1040	1040	1041	0	-1	2	147
269	1039	1039	1041	0	-2	3	146
270	1038	1037	1037	1	1	1	146
271	1039	1039	1040	0	-1	2	146
272	1039	1038	1039	1	0	2	147
273	1039	1039	1040	0	-1	2	148
274	1040	1040	1041	0	-1	2	146
275	1040	1039	1040	1	0	2	147
276	1039	1039	1040	0	-1	2	148
277	1040	1040	1041	0	-1	2	147
278	1040	1040	1041	0	-1	2	147
279	1050	1043	1051	7	-1	5	153
280	1039	1039	1040	0	-1	2	146
281	1040	1040	1041	0	-1	2	147
282	1040	1040	1041	0	-1	2	147
283	1039	1039	1040	0	-1	2	146
284	1040	1040	1041	0	-1	2	147
285	1041	1040	1043	1	-2	3	146
286	1039	1039	1041	0	-2	2	147
287	1039	1039	1040	0	-1	2	146
288	1039	1039	1040	0	-1	2	147
289	1039	1039	1040	0	-1	2	146
290	1039	1039	1040	0	-1	2	146
291	1041	1041	1043	0	-2	3	146
292	1040	1039	1040	1	0	2	146
293	1039	1039	1041	0	-2	2	146
294	1039	1039	1040	0	-1	2	146
295	1040	1040	1042	0	-2	2	149
296	1040	1040	1041	0	-1	2	146
297	1042	1041	1043	1	-1	3	146
298	1039	1039	1041	0	-2	3	146
299	1040	1039	1039	1	1	1	147
300	1040	1040	1041	0	-1	2	147
301	1039	1039	1040	0	-1	2	146
302	1039	1039	1040	0	-1	2	147
303	1042	1040	1042	2	0	3	147
304	1040	1040	1041	0	-1	2	147
305	1039	1039	1040	0	-1	2	146
306	1040	1040	1041	0	-1	2	147
307	1038	1039	1040	-1	-2	2	146
308	1038	1038	1040	0	-2	2	146
309	1041	1039	1040	2	1	2	147
310	1039	1039	1040	0	-1	2	146
311	1041	1039	1040	2	1	2	146
312	1054	1047	1055	7	-1	4	149
313	1039	1039	1041	0	-2	2	147
314	1039	1039	1041	0	-2	2	146
315	1052	1040	1051	12	1	5	152
316	1040	1040	1041	0	-1	2	147
317	1039	1039	1040	0	-1	2	147
318	1040	1040	1041	0	-1	2	147
319	1039	1039	1041	0	-2	2	146
320	1039	1039	1040	0	-1	2	147
321	1040	1039	1040	1	0	2	147
322	1039	1039	1041	0	-2	2	146
323	1039	1039	1040	0	-1	2	147
324	1046	1042	1047	4	-1	4	146
325	1039	1039	1041	0	-2	2	147
326	1053	1040	1041	13	12	2	146
327	1039	1040	1041	-1	-2	2	146
328	1040	1040	1041	0	-1	2	147
329	1040	1039	1040	1	0	2	148
330	1038	1038	1040	0	-2	2	147
331	1038	1038	1039	0	-1	2	146
332	1039	1039	1039	0	0	1	146
333	1040	1040	1042	0	-2	2	147
334	1039	1039	1041	0	-2	3	146
335	1039	1039	1041	0	-2	2	146
336	1040	1040	1041	0	-1	2	147
337	1040	1040	1041	0	-1	2	147
338	1042	1041	1043	1	-1	3	146
339	1039	1040	1041	-1	-2	2	146
340	1039	1039	1040	0	-1	2	146
341	1039	1039	1040	0	-1	2	146
342	1039	1039	1041	0	-2	2	146
343	1040	1040	1041	0	-1	2	147
344	1042	1041	1043	1	-1	3	147
345	1040	1040	1041	0	-1	2	146
346	1041	1040	1042	1	-1	3	147
347	1040	1040	1041	0	-1	2	147
348	1044	1043	1045	1	-1	3	146
349	1040	1040	1041	0	-1	2	146
350	1055	1042	1056	13	-1	8	153
351	1040	1041	1042	-1	-2	2	146
352	1039	1039	1041	0	-2	2	146
353	1040	1040	1041	0	-1	2	147
354	1039	1040	1041	-1	-2	2	146
355	1039	1039	1041	0	-2	2	146
356	1048	1041	1043	7	5	3	147
357	1038	1038	1039	0	-1	2	147
358	1038	1038	1040	0	-2	2	146
359	1038	1038	1039	0	-1	2	146
360	1040	1039	1039	1	1	1	147
361	1039	1039	1041	0	-2	3	147
362	1039	1039	1041	0	-2	2	146
363	1040	1040	1041	0	-1	2	147
364	1039	1039	1040	0	-1	2	147
365	1040	1040	1041	0	-1	2	147
366	1039	1039	1040	0	-1	2	146
367	1039	1040	1041	-1	-2	2	147
368	1040	1040	1041	0	-1	2	146
369	1040	1040	1041	0	-1	2	147
370	1039	1039	1040	0	-1	2	146
371	1039	1039	1041	0	-2	2	146
372	1039	1039	1040	0	-1	2	147
373	1040	1040	1041	0	-1	2	148
374	1040	1040	1041	0	-1	2	147
375	1039	1039	1041	0	-2	2	146
376	1039	1039	1041	0	-2	2	146
377	1040	1040	1041	0	-1	2	147
378	1039	1039	1040	0	-1	2	146
379	1040	1039	1040	1	0	2	146
380	1040	1039	1040	1	0	2	147
381	1040	1039	1040	1	0	2	147
382	1039	1039	1040	0	-1	2	146
383	1040	1039	1041	1	-1	2	146
384	1038	1038	1040	0	-2	2	146
385	1049	1038	1049	11	0	5	152
386	1041	1039	1040	2	1	2	146
387	1038	1039	1040	-1	-2	2	147
388	1040	1040	1041	0	-1	2	147
389	1040	1039	1040	1	0	2	146
390	1039	1039	1040	0	-1	2	147
391	1041	1040	1043	1	-2	4	147
392	1040	1040	1041	0	-1	2	146
393	1040	1040	1041	0	-1	2	146
394	1040	1040	1040	0	0	1	147
395	1046	1040	1046	6	0	4	146
396	1039	1039	1040	0	-1	2	146
397	1042	1041	1043	1	-1	3	147
398	1040	1040	1041	0	-1	2	147
399	1040	1040	1041	0	-1	2	146
400	1039	1039	1040	0	-1	2	147
401	1040	1040	1042	0	-2	2	147
402	1039	1039	1040	0	-1	2	146
403	1041	1040	1042	1	-1	3	146
404	1040	1040	1041	0	-1	2	146
405	1039	1039	1040	0	-1	2	147
406	1039	1039	1041	0	-2	2	147
407	1040	1040	1041	0	-1	2	146
408	1040	1039	1040	1	0	2	147
409	1040	1040	1041	0	-1	2	148
410	1040	1040	1042	0	-2	2	147
411	1040	1040	1041	0	-1	2	147
412	1038	1038	1040	0	-2	2	146
413	1038	1037	1039	1	-1	2	146
414	1038	1038	1039	0	-1	2	147
415	1042	1040	1042	2	0	3	147
416	1040	1040	1041	0	-1	2	146
417	1040	1039	1042	1	-2	4	147
418	1039	1039	1040	0	-1	2	146
419	1039	1039	1040	0	-1	2	146
420	1039	1039	1040	0	-1	2	146
421	1053	1043	1051	10	2	4	153
422	1039	1039	1040	0	-1	2	146
423	1040	1039	1039	1	1	1	146
424	1039	1039	1040	0	-1	2	147
425	1039	1039	1040	0	-1	2	146
426	1039	1039	1040	0	-1	2	146
427	1040	1040	1040	0	0	1	146
428	1040	1040	1041	0	-1	2	149
429	1039	1039	1040	0	-1	2	146
430	1039	1039	1041	0	-2	2	146
431	1039	1039	1040	0	-1	2	146
432	1039	1039	1041	0	-2	3	146
433	1042	1041	1043	1	-1	3	147
434	1039	1039	1040	0	-1	2	146
435	1039	1039	1040	0	-1	2	146
436	1039	1039	1041	0	-2	2	147
437	1040	1040	1041	0	-1	2	147
438	1039	1039	1041	0	-2	2	146
439	1041	1040	1042	1	-1	3	147
440	1038	1038	1039	0	-1	2	146
441	1038	1038	1039	0	-1	2	146
442	1039	1039	1040	0	-1	2	147
443	1040	1039	1039	1	1	1	146
444	1039	1039	1040	0	-1	2	147
445	1039	1040	1041	-1	-2	2	147
446	1039	1039	1040	0	-1	2	147
447	1039	1039	1040	0	-1	2	146
448	1040	1040	1041	0	-1	2	146
449	1039	1039	1040	0	-1	2	147
450	1040	1040	1041	0	-1	2	147
451	1040	1040	1041	0	-1	2	146
452	1040	1040	1041	0	-1	2	147
453	1039	1039	1040	0	-1	2	147
454	1040	1040	1041	0	-1	2	147
455	1040	1040	1040	0	0	1	147
456	1039	1039	1040	0	-1	2	147
457	1052	1042	1053	10	-1	7	152
458	1039	1039	1040	0	-1	2	148
459	1039	1040	1041	-1	-2	2	146
460	1040	1040	1041	0	-1	2	146
461	1039	1039	1040	0	-1	2	147
462	1039	1039	1041	0	-2	2	148
463	1040	1040	1041	0	-1	2	147
464	1039	1039	1040	0	-1	2	146
465	1039	1039	1040	0	-1	2	146
466	1045	1039	1045	6	0	3	147
467	1038	1038	1039	0	-1	2	146
468	1038	1038	1039	0	-1	2	146
469	1040	1040	1041	0	-1	2	147
470	1040	1039	1039	1	1	1	147
471	1040	1040	1040	0	0	1	146
472	1040	1040	1041	0	-1	2	146
473	1039	1039	1040	0	-1	2	146
474	1042	1041	1043	1	-1	3	146
475	1039	1039	1041	0	-2	2	146
476	1039	1039	1040	0	-1	2	147
477	1040	1039	1040	1	0	2	147
478	1040	1039	1040	1	0	2	146
479	1040	1039	1041	1	-1	3	147
480	1041	1040	1043	1	-2	3	147
481	1040	1040	1041	0	-1	2	147
482	1039	1039	1040	0	-1	2	146
483	1039	1039	1040	0	-1	2	147
484	1039	1039	1040	0	-1	2	146
485	1039	1039	1040	0	-1	2	146
486	1041	1040	1043	1	-2	3	147
487	1039	1039	1040	0	-1	2	146
488	1041	1040	1042	1	-1	3	147
489	1039	1039	1041	0	-2	3	147
490	1040	1040	1041	0	-1	2	147
491	1038	1038	1039	0	-1	2	146
492	1038	1038	1039	0	-1	2	146
493	1038	1038	1039	0	-1	2	147
494	1039	1039	1040	0	-1	2	147
495	1040	1039	1039	1	1	1	146
496	1039	1039	1040	0	-1	2	146
497	1040	1040	1041	0	-1	2	147
498	1039	1039	1040	0	-1	2	147
499	1039	1039	1040	0	-1	2	146
500	1040	1040	1041	0	-1	2	147
501	1039	1039	1040	0	-1	2	146
502	1046	1041	1046	5	0	4	147
503	1039	1039	1040	0	-1	2	146
504	1042	1041	1043	1	-1	3	147
505	1039	1039	1040	0	-1	2	146
506	1040	1040	1042	0	-2	2	148
507	1039	1039	1040	0	-1	2	146
508	1039	1039	1040	0	-1	2	146
509	1039	1039	1040	0	-1	2	146
510	1041	1040	1043	1	-2	3	147
511	1039	1040	1041	-1	-2	2	146
512	1039	1039	1040	0	-1	2	146
513	1039	1039	1040	0	-1	2	147
514	1039	1039	1041	0	-2	2	146
515	1039	1039	1040	0	-1	2	146
516	1039	1039	1041	0	-2	2	146
517	1039	1039	1041	0	-2	2	149
518	1038	1038	1039	0	-1	2	146
519	1038	1038	1039	0	-1	2	146
520	1038	1038	1039	0	-1	2	146
521	1039	1039	1040	0	-1	2	146
522	1040	1040	1040	0	0	1	146
523	1039	1039	1040	0	-1	2	146
524	1039	1039	1040	0	-1	2	146
525	1039	1039	1040	0	-1	2	146
526	1039	1039	1041	0	-2	2	146
527	1039	1039	1040	0	-1	2	146
528	1050	1041	1052	9	-2	5	152
529	1039	1039	1040	0	-1	2	146
530	1039	1039	1040	0	-1	2	146
531	1040	1040	1042	0	-2	2	147
532	1039	1040	1041	-1	-2	2	146
533	1041	1040	1043	1	-2	3	147
534	1040	1040	1041	0	-1	2	147
535	1039	1039	1041	0	-2	2	146
536	1039	1039	1041	0	-2	2	146
537	1046	1040	1047	6	-1	3	146
538	1039	1039	1040	0	-1	2	147
539	1042	1041	1043	1	-1	3	147
540	1040	1040	1041	0	-1	2	146
541	1039	1039	1041	0	-2	2	147
542	1039	1039	1040	0	-1	2	147
543	1039	1039	1040	0	-1	2	146
544	1039	1039	1040	0	-1	2	147
545	1040	1039	1041	1	-1	3	146
546	1040	1040	1041	0	-1	2	147
547	1039	1039	1040	0	-1	2	146
548	1040	1040	1041	0	-1	2	147
549	1039	1039	1040	0	-1	2	146
550	1039	1040	1041	-1	-2	2	148
551	1041	1040	1041	1	0	2	146
552	1039	1039	1040	0	-1	2	146
553	1039	1039	1041	0	-2	2	146
554	1040	1039	1041	1	-1	2	147
555	1039	1039	1040	0	-1	2	146
556	1039	1039	1041	0	-2	2	146
557	1041	1040	1042	1	-1	3	146
558	1039	1039	1040	0	-1	2	146
559	1039	1039	1040	0	-1	2	146
560	1039	1039	1040	0	-1	2	146
561	1039	1039	1041	0	-2	2	146
562	1040	1040	1041	0	-1	2	146
563	1051	1042	1052	9	-1	6	152
564	1040	1040	1041	0	-1	2	147
565	1039	1039	1041	0	-2	2	146
566	1039	1039	1041	0	-2	2	146
567	1039	1039	1040	0	-1	2	147
568	1038	1038	1039	0	-1	2	146
569	1038	1037	1038	1	0	2	146
570	1038	1038	1039	0	-1	2	146
571	1038	1038	1039	0	-1	2	146
572	1040	1040	1041	0	-1	2	146
573	1039	1039	1041	0	-2	2	146
574	1041	1040	1042	1	-1	3	147
575	1041	1040	1041	1	0	2	147
576	1039	1039	1040	0	-1	2	146
577	1039	1039	1040	0	-1	2	147
578	1040	1040	1042	0	-2	2	147
579	1039	1039	1041	0	-2	3	146
580	1041	1040	1042	1	-1	3	146
581	1039	1039	1040	0	-1	2	146
582	1039	1038	1039	1	0	2	147
583	1040	1040	1041	0	-1	2	147
584	1040	1040	1041	0	-1	2	146
585	1039	1039	1041	0	-2	3	147
586	1039	1039	1040	0	-1	2	147
587	1039	1039	1040	0	-1	2	147
588	1036	1036	1037	0	-1	2	147
589	1036	1036	1037	0	-1	2	147
590	1036	1036	1037	0	-1	2	146
591	1036	1036	1037	0	-1	2	147
592	1036	1036	1037	0	-1	2	146
593	1036	1035	1037	1	-1	2	146
594	1036	1035	1037	1	-1	2	147
595	1036	1036	1037	0	-1	2	148
596	1036	1036	1037	0	-1	2	147
597	1036	1036	1037	0	-1	2	146
598	1036	1036	1037	0	-1	2	146
599	1048	1042	1049	6	-1	4	153
600	1035	1035	1036	0	-1	2	146
601	1035	1035	1036	0	-1	2	146
602	1036	1036	1037	0	-1	2	147
603	1035	1035	1036	0	-1	2	147
604	1035	1035	1036	0	-1	2	146
605	1035	1034	1036	1	-1	2	146
606	1034	1034	1035	0	-1	2	146
607	1035	1035	1036	0	-1	2	146
608	1041	1037	1042	4	-1	3	146
609	1035	1035	1036	0	-1	2	147
610	1037	1036	1039	1	-2	3	147
611	1035	1034	1035	1	0	2	146
612	1035	1035	1036	0	-1	2	147
613	1035	1035	1036	0	-1	2	147
614	1035	1035	1036	0	-1	2	146
615	1035	1035	1036	0	-1	2	146
616	1037	1036	1039	1	-2	3	147
617	1035	1035	1036	0	-1	2	146
618	1034	1034	1036	0	-2	3	146
619	1035	1035	1036	0	-1	2	147
620	1035	1035	1036	0	-1	2	147
621	1036	1036	1037	0	-1	2	146
622	1041	1040	1042	1	-1	3	147
623	1039	1038	1041	1	-2	4	147
624	1039	1039	1041	0	-2	2	146
625	1040	1040	1040	0	0	1	146
626	1039	1039	1040	0	-1	2	146
627	1040	1040	1040	0	0	1	147
628	1041	1040	1042	1	-1	3	147
629	1039	1039	1041	0	-2	2	146
630	1041	1040	1042	1	-1	3	147
631	1040	1040	1040	0	0	1	147
632	1040	1040	1041	0	-1	2	146
633	1040	1040	1041	0	-1	2	147
634	1041	1040	1042	1	-1	3	146
635	1040	1039	1040	1	0	2	147
636	1039	1039	1040	0	-1	2	146
637	1040	1040	1041	0	-1	2	147
638	1039	1039	1041	0	-2	2	146
639	1039	1039	1040	0	-1	2	148
640	1041	1040	1042	1	-1	3	146
641	1040	1040	1041	0	-1	2	146
642	1039	1039	1041	0	-2	2	146
643	1039	1039	1041	0	-2	2	147
644	1045	1038	1045	7	0	4	146
645	1038	1038	1039	0	-1	2	146
646	1038	1038	1040	0	-2	2	147
647	1040	1039	1040	1	0	2	147
648	1039	1039	1040	0	-1	2	146
649	1040	1039	1039	1	1	1	146
650	1039	1039	1040	0	-1	2	146
651	1039	1039	1040	0	-1	2	146
652	1039	1038	1039	1	0	2	146
653	1039	1039	1041	0	-2	2	147
654	1039	1039	1040	0	-1	2	146
655	1040	1039	1040	1	0	2	146
656	1039	1039	1040	0	-1	2	146
657	1040	1039	1040	1	0	2	146
658	1040	1039	1040	1	0	2	146
659	1039	1040	1041	-1	-2	2	146
660	1040	1039	1040	1	0	2	146
661	1039	1039	1041	0	-2	2	146
662	1039	1039	1041	0	-2	2	146
663	1040	1040	1041	0	-1	2	146
664	1039	1039	1041	0	-2	2	147
665	1040	1039	1041	1	-1	3	146
666	1039	1039	1040	0	-1	2	147
667	1155	1094	1154	61	1	32	310
668	1053	1044	1052	9	1	8	159
669	1049	1039	1050	10	-1	5	152
670	1039	1039	1040	0	-1	2	147
671	1039	1039	1040	0	-1	2	147
672	1039	1039	1041	0	-2	2	146
673	1040	1040	1041	0	-1	2	147
674	1040	1040	1041	0	-1	2	148
675	1039	1039	1040	0	-1	2	147
676	1040	1040	1041	0	-1	2	147
677	1040	1039	1039	1	1	1	146
678	1039	1039	1040	0	-1	2	146
679	1040	1040	1041	0	-1	2	147
680	1042	1041	1043	1	-1	3	147
681	1039	1039	1040	0	-1	2	146
682	1040	1040	1041	0	-1	2	147
683	1039	1039	1041	0	-2	2	146
684	1039	1039	1040	0	-1	2	147
685	1039	1039	1040	0	-1	2	146
686	1042	1041	1043	1	-1	3	147
687	1040	1040	1041	0	-1	2	146
688	1039	1039	1040	0	-1	2	146
689	1039	1039	1040	0	-1	2	146
690	1040	1039	1040	1	0	2	146
691	1039	1039	1040	0	-1	2	146
692	1040	1039	1042	1	-2	3	146
693	1040	1040	1041	0	-1	2	149
694	1039	1039	1040	0	-1	2	146
695	1039	1039	1041	0	-2	3	146
696	1039	1039	1040	0	-1	2	146
697	1039	1039	1040	0	-1	2	146
698	1039	1039	1040	0	-1	2	146
699	1039	1039	1040	0	-1	2	146
700	1040	1039	1041	1	-1	3	146
701	1039	1039	1041	0	-2	2	147
702	1040	1040	1042	0	-2	2	147
703	1039	1039	1040	0	-1	2	146
704	1050	1043	1051	7	-1	5	152
705	1040	1040	1041	0	-1	2	146
706	1039	1039	1041	0	-2	2	146
707	1039	1039	1040	0	-1	2	147
708	1039	1039	1040	0	-1	2	146
709	1040	1040	1041	0	-1	2	147
710	1040	1040	1041	0	-1	2	147
711	1039	1040	1041	-1	-2	2	147
712	1039	1039	1041	0	-2	2	146
713	1039	1038	1039	1	0	2	146
714	1045	1040	1046	5	-1	4	147
715	1039	1039	1040	0	-1	2	147
716	1038	1037	1037	1	1	1	146
717	1038	1038	1040	0	-2	2	147
718	1039	1039	1040	0	-1	2	147
719	1039	1040	1041	-1	-2	2	147
720	1040	1040	1041	0	-1	2	147
721	1040	1040	1041	0	-1	2	147
722	1039	1040	1041	-1	-2	2	146
723	1040	1040	1041	0	-1	2	147
724	1039	1039	1040	0	-1	2	146
725	1039	1039	1040	0	-1	2	146
726	1040	1040	1041	0	-1	2	147
727	1040	1039	1041	1	-1	2	148
728	1040	1040	1041	0	-1	2	147
729	1039	1039	1041	0	-2	2	146
730	1039	1038	1039	1	0	2	147
731	1040	1040	1041	0	-1	2	147
732	1039	1039	1040	0	-1	2	146
733	1041	1040	1042	1	-1	3	146
734	1039	1039	1040	0	-1	2	147
735	1040	1039	1042	1	-2	3	147
736	1040	1040	1041	0	-1	2	146
737	1040	1040	1042	0	-2	3	149
738	1039	1039	1040	0	-1	2	146
739	1040	1039	1041	1	-1	3	146
740	1039	1039	1040	0	-1	2	146
741	1038	1038	1040	0	-2	2	146
742	1039	1039	1041	0	-2	2	146
743	1039	1039	1040	0	-1	2	146
744	1040	1040	1041	0	-1	2	146
745	1042	1040	1042	2	0	3	146
746	1040	1040	1041	0	-1	2	147
747	1039	1039	1040	0	-1	2	146
748	1039	1039	1040	0	-1	2	146
749	1046	1041	1046	5	0	3	146
750	1039	1039	1040	0	-1	2	146
751	1039	1039	1041	0	-2	2	147
752	1039	1039	1041	0	-2	2	146
753	1039	1039	1041	0	-2	2	147
754	1040	1040	1041	0	-1	2	147
755	1039	1040	1041	-1	-2	2	146
756	1039	1039	1040	0	-1	2	146
757	1039	1039	1040	0	-1	2	146
758	1040	1040	1041	0	-1	2	147
759	1040	1040	1042	0	-2	2	147
760	1040	1040	1041	0	-1	2	146
761	1040	1040	1041	0	-1	2	147
762	1041	1039	1040	2	1	2	147
763	1038	1039	1040	-1	-2	2	146
764	1039	1039	1040	0	-1	2	147
765	1039	1039	1041	0	-2	2	146
766	1040	1040	1041	0	-1	2	147
767	1040	1039	1040	1	0	2	146
768	1042	1041	1043	1	-1	3	147
769	1040	1040	1041	0	-1	2	146
770	1040	1038	1039	2	1	2	148
771	1039	1039	1041	0	-2	2	147
772	1040	1040	1041	0	-1	2	146
773	1040	1040	1041	0	-1	2	146
774	1050	1041	1052	9	-2	5	153
775	1039	1039	1041	0	-2	3	146
776	1039	1039	1040	0	-1	2	146
777	1040	1040	1041	0	-1	2	147
778	1041	1040	1041	1	0	2	147
779	1039	1039	1041	0	-2	2	146
780	1039	1039	1040	0	-1	2	146
781	1039	1039	1040	0	-1	2	146
782	1039	1039	1040	0	-1	2	146
783	1040	1039	1039	1	1	1	146
784	1048	1042	1049	6	-1	4	147
785	1039	1038	1038	1	1	1	146
786	1038	1038	1039	0	-1	2	146
787	1039	1039	1040	0	-1	2	147
788	1040	1039	1040	1	0	2	146
789	1040	1040	1041	0	-1	2	146
790	1041	1040	1041	1	0	2	146
791	1039	1039	1040	0	-1	2	146
792	1039	1039	1040	0	-1	2	146
793	1039	1039	1040	0	-1	2	146
794	1039	1039	1040	0	-1	2	146
795	1039	1039	1040	0	-1	2	147
796	1040	1040	1041	0	-1	2	146
797	1042	1040	1041	2	1	2	147
798	1039	1039	1040	0	-1	2	147
799	1040	1039	1039	1	1	1	146
800	1040	1039	1040	1	0	2	146
801	1039	1038	1039	1	0	2	146
802	1039	1039	1041	0	-2	2	147
803	1042	1040	1041	2	1	2	147
804	1039	1039	1041	0	-2	2	146
805	1041	1040	1042	1	-1	3	147
806	1039	1039	1040	0	-1	2	148
807	1040	1039	1041	1	-1	3	146
808	1038	1038	1040	0	-2	2	147
809	1038	1038	1039	0	-1	2	146
810	1039	1039	1040	0	-1	2	147
811	1039	1039	1040	0	-1	2	146
812	1040	1040	1041	0	-1	2	146
813	1040	1040	1041	0	-1	2	147
814	1040	1039	1039	1	1	1	148
815	1039	1039	1040	0	-1	2	147
816	1040	1040	1041	0	-1	2	146
817	1039	1039	1041	0	-2	2	146
818	1039	1039	1041	0	-2	2	147
819	1045	1040	1047	5	-2	5	146
820	1040	1039	1040	1	0	2	146
821	1039	1039	1040	0	-1	2	147
822	1040	1040	1041	0	-1	2	147
823	1039	1039	1041	0	-2	2	146
824	1040	1040	1041	0	-1	2	146
825	1040	1040	1041	0	-1	2	146
826	1040	1039	1039	1	1	1	146
827	1039	1039	1040	0	-1	2	146
828	1040	1040	1041	0	-1	2	147
829	1039	1039	1040	0	-1	2	146
830	1039	1039	1041	0	-2	2	146
831	1038	1038	1039	0	-1	2	147
832	1041	1040	1042	1	-1	3	147
833	1038	1038	1039	0	-1	2	146
834	1039	1040	1041	-1	-2	2	146
835	1039	1039	1040	0	-1	2	147
836	1039	1039	1041	0	-2	3	146
837	1040	1038	1039	2	1	2	146
838	1041	1040	1043	1	-2	3	147
839	1040	1038	1039	2	1	2	147
840	1039	1039	1041	0	-2	2	146
841	1039	1039	1041	0	-2	2	147
842	1039	1039	1041	0	-2	2	147
843	1040	1039	1040	1	0	2	146
844	1041	1040	1043	1	-2	4	146
845	1050	1041	1050	9	0	5	152
846	1040	1040	1042	0	-2	2	147
847	1040	1040	1041	0	-1	2	147
848	1039	1039	1041	0	-2	2	146
849	1040	1040	1041	0	-1	2	147
850	1042	1041	1043	1	-1	3	147
851	1039	1039	1040	0	-1	2	146
852	1040	1040	1041	0	-1	2	147
853	1039	1039	1040	0	-1	2	146
854	1045	1040	1045	5	0	3	147
855	1038	1038	1039	0	-1	2	146
856	1040	1039	1041	1	-1	3	146
857	1039	1039	1040	0	-1	2	146
858	1039	1039	1040	0	-1	2	148
859	1039	1039	1040	0	-1	2	147
860	1040	1040	1041	0	-1	2	146
861	1039	1039	1040	0	-1	2	146
862	1040	1040	1041	0	-1	2	147
863	1039	1039	1040	0	-1	2	146
864	1039	1039	1040	0	-1	2	146
865	1040	1040	1041	0	-1	2	147
866	1039	1039	1040	0	-1	2	147
867	1039	1039	1041	0	-2	2	146
868	1039	1039	1040	0	-1	2	146
869	1040	1040	1041	0	-1	2	146
870	1039	1039	1040	0	-1	2	146
871	1039	1039	1040	0	-1	2	146
872	1040	1039	1041	1	-1	2	147
873	1042	1040	1042	2	0	3	147
874	1040	1040	1041	0	-1	2	146
875	1040	1038	1040	2	0	3	147
876	1039	1039	1040	0	-1	2	147
877	1038	1038	1040	0	-2	3	147
878	1038	1038	1039	0	-1	2	146
879	1041	1040	1042	1	-1	3	147
880	1050	1042	1051	8	-1	5	152
881	1039	1039	1040	0	-1	2	146
882	1039	1039	1040	0	-1	2	147
883	1040	1040	1041	0	-1	2	146
884	1039	1039	1041	0	-2	3	147
885	1043	1041	1043	2	0	3	147
886	1040	1040	1041	0	-1	2	147
887	1039	1039	1040	0	-1	2	146
888	1040	1039	1040	1	0	2	146
889	1046	1041	1046	5	0	4	147
890	1040	1040	1041	0	-1	2	147
891	1039	1039	1040	0	-1	2	146
892	1040	1040	1041	0	-1	2	147
893	1040	1040	1041	0	-1	2	147
894	1040	1040	1041	0	-1	2	147
895	1040	1040	1041	0	-1	2	147
896	1041	1040	1043	1	-2	4	146
897	1040	1038	1039	2	1	2	147
898	1039	1039	1040	0	-1	2	147
899	1038	1038	1040	0	-2	2	147
900	1038	1038	1038	0	0	1	146
901	1039	1039	1040	0	-1	2	147
902	1042	1041	1043	1	-1	3	146
903	1039	1039	1041	0	-2	2	146
904	1039	1039	1040	0	-1	2	146
905	1040	1040	1040	0	0	1	147
906	1039	1039	1040	0	-1	2	146
907	1039	1039	1040	0	-1	2	146
908	1042	1041	1043	1	-1	3	146
909	1039	1039	1040	0	-1	2	146
910	1040	1039	1042	1	-2	3	146
911	1039	1039	1041	0	-2	2	146
912	1040	1040	1041	0	-1	2	149
913	1039	1040	1041	-1	-2	2	146
914	1041	1040	1042	1	-1	3	146
915	1046	1040	1047	6	-1	5	149
916	1039	1039	1041	0	-2	3	146
917	1039	1040	1041	-1	-2	2	146
918	1040	1040	1041	0	-1	2	147
919	1039	1039	1041	0	-2	2	146
920	1039	1039	1040	0	-1	2	146
921	1038	1038	1040	0	-2	2	146
922	1038	1038	1039	0	-1	2	146
923	1039	1039	1040	0	-1	2	146
924	1045	1039	1047	6	-2	4	146
925	1040	1040	1041	0	-1	2	146
926	1039	1038	1041	1	-2	4	147
927	1040	1040	1041	0	-1	2	146
928	1040	1040	1041	0	-1	2	147
929	1039	1039	1040	0	-1	2	147
930	1039	1040	1041	-1	-2	2	146
931	1039	1039	1041	0	-2	2	146
932	1039	1039	1040	0	-1	2	146
933	1040	1040	1041	0	-1	2	147
934	1040	1039	1041	1	-1	2	147
935	1039	1039	1041	0	-2	2	146
936	1040	1040	1041	0	-1	2	147
937	1044	1042	1044	2	0	3	147
938	1040	1040	1041	0	-1	2	147
939	1040	1039	1040	1	0	2	147
940	1039	1040	1041	-1	-2	2	147
941	1039	1039	1040	0	-1	2	146
942	1039	1039	1040	0	-1	2	147
943	1038	1038	1039	0	-1	2	146
944	1040	1039	1042	1	-2	3	147
945	1038	1038	1040	0	-2	3	146
946	1041	1040	1042	1	-1	3	148
947	1039	1039	1041	0	-2	2	146
948	1039	1039	1040	0	-1	2	146
949	1040	1040	1041	0	-1	2	146
950	1041	1039	1041	2	0	3	147
951	1050	1044	1051	6	-1	4	152
952	1039	1039	1040	0	-1	2	146
953	1039	1039	1040	0	-1	2	146
954	1040	1039	1039	1	1	1	146
955	1040	1040	1041	0	-1	2	147
956	1041	1040	1043	1	-2	3	146
957	1040	1040	1041	0	-1	2	149
958	1039	1039	1041	0	-2	2	146
959	1039	1039	1040	0	-1	2	146
960	1039	1039	1039	0	0	1	146
961	1039	1039	1040	0	-1	2	146
962	1039	1039	1041	0	-2	2	146
963	1039	1039	1040	0	-1	2	146
964	1039	1039	1040	0	-1	2	146
965	1039	1039	1040	0	-1	2	146
966	1038	1038	1040	0	-2	2	146
967	1038	1038	1040	0	-2	3	146
968	1039	1039	1041	0	-2	3	146
969	1039	1039	1041	0	-2	2	146
970	1040	1040	1041	0	-1	2	146
971	1040	1040	1041	0	-1	2	147
972	1039	1039	1040	0	-1	2	146
973	1039	1039	1040	0	-1	2	147
974	1036	1036	1038	0	-2	2	147
975	1036	1036	1036	0	0	1	146
976	1034	1034	1035	0	-1	2	146
977	1034	1034	1036	0	-2	3	146
978	1035	1036	1037	-1	-2	2	147
979	1035	1035	1036	0	-1	2	147
980	1035	1035	1036	0	-1	2	146
981	1036	1035	1035	1	1	1	147
982	1035	1035	1036	0	-1	2	147
983	1035	1035	1036	0	-1	2	147
984	1035	1035	1036	0	-1	2	147
985	1037	1036	1038	1	-1	3	146
986	1035	1035	1036	0	-1	2	146
987	1036	1036	1037	0	-1	2	147
988	1035	1035	1037	0	-2	2	147
989	1035	1035	1036	0	-1	2	146
990	1035	1035	1036	0	-1	2	147
991	1037	1036	1038	1	-1	3	146
992	1035	1035	1036	0	-1	2	147
993	1035	1035	1036	0	-1	2	146
994	1035	1035	1036	0	-1	2	147
995	1035	1035	1036	0	-1	2	147
996	1042	1037	1043	5	-1	4	146
997	1036	1036	1038	0	-2	3	146
998	1036	1036	1037	0	-1	2	147
999	1036	1036	1038	0	-2	2	147
1000	1036	1036	1037	0	-1	2	146
