ITERNUM	METIME	PRTIME	TPRTIME	DIFF	TDIFF	NRPROCS	NPROCS
1	33860	33731	33858	129	2	63	767
2	33862	33707	33858	155	4	68	749
3	33865	33720	33863	145	2	59	686
4	33802	33649	33801	153	1	61	610
5	33884	33782	33885	102	-1	25	281
6	33877	33729	33874	148	3	34	381
7	33643	33452	33641	191	2	19	237
8	33246	33240	33247	6	-1	6	164
9	33274	33242	33272	32	2	13	169
10	33255	33243	33256	12	-1	9	171
11	33251	33239	33251	12	0	7	159
12	33169	33157	33170	12	-1	7	168
13	33272	33245	33273	27	-1	11	163
14	33260	33245	33261	15	-1	9	167
15	33241	33237	33242	4	-1	5	160
16	33262	33245	33263	17	-1	8	166
17	33248	33244	33249	4	-1	5	167
18	33251	33240	33252	11	-1	7	160
19	33255	33242	33256	13	-1	7	169
20	33184	33172	33185	12	-1	7	159
21	33469	33291	33463	178	6	51	386
22	33243	33236	33243	7	0	7	159
23	33262	33247	33263	15	-1	10	169
24	33246	33241	33246	5	0	5	161
25	33252	33242	33253	10	-1	8	162
26	33255	33243	33256	12	-1	9	167
27	33252	33240	33253	12	-1	8	160
28	33259	33243	33257	16	2	7	168
29	33165	33161	33166	4	-1	5	157
30	33249	33231	33250	18	-1	9	168
31	33245	33241	33246	4	-1	5	159
32	33263	33244	33263	19	0	8	169
33	33254	33242	33255	12	-1	7	166
34	33251	33240	33250	11	1	7	163
35	33260	33241	33261	19	-1	11	166
36	33244	33240	33245	4	-1	5	161
37	33189	33170	33191	19	-2	10	167
38	33258	33239	33259	19	-1	8	161
39	33260	33241	33260	19	0	11	167
40	33255	33244	33256	11	-1	7	163
41	33253	33242	33254	11	-1	6	163
42	33262	33243	33263	19	-1	10	166
43	33244	33240	33245	4	-1	5	162
44	33183	33166	33185	17	-2	8	164
45	33244	33240	33245	4	-1	5	162
46	33262	33241	33262	21	0	10	166
47	33512	33320	33507	192	5	58	419
48	33251	33241	33251	10	0	7	161
49	33266	33245	33267	21	-1	11	166
50	33244	33240	33246	4	-2	5	163
51	33213	33191	33213	22	0	9	164
52	33220	33215	33221	5	-1	6	164
53	33260	33243	33260	17	0	9	166
54	33360	33266	33359	94	1	15	191
55	33249	33239	33249	10	0	6	158
56	33272	33246	33272	26	0	11	171
57	33252	33242	33254	10	-2	8	161
58	33261	33244	33262	17	-1	9	168
59	33157	33151	33158	6	-1	7	162
60	33261	33243	33262	18	-1	9	167
61	33256	33247	33258	9	-2	7	169
62	33249	33239	33249	10	0	7	158
63	33256	33246	33257	10	-1	7	169
64	33251	33241	33251	10	0	6	160
65	33260	33241	33261	19	-1	9	170
66	33244	33238	33244	6	0	5	158
67	33173	33157	33174	16	-1	9	168
68	33246	33240	33247	6	-1	6	159
69	33251	33242	33252	9	-1	7	162
70	33254	33242	33256	12	-2	7	166
71	33255	33241	33254	14	1	7	161
72	33260	33246	33260	14	0	7	169
73	33511	33315	33506	196	5	50	413
74	33262	33245	33263	17	-1	9	169
75	33215	33194	33216	21	-1	11	180
76	33368	33216	33368	152	0	12	169
77	33253	33242	33255	11	-2	7	165
78	33253	33241	33252	12	1	8	164
79	33398	33252	33398	146	0	10	164
80	33245	33239	33245	6	0	5	162
81	33262	33245	33262	17	0	9	167
82	33381	33245	33380	136	1	7	161
83	33261	33242	33262	19	-1	10	167
84	33157	33143	33157	14	0	9	166
85	33253	33241	33252	12	1	8	162
86	33399	33253	33401	146	-2	12	166
87	33247	33242	33248	5	-1	5	163
88	33263	33247	33263	16	0	8	165
89	33385	33253	33387	132	-2	9	165
90	33263	33246	33263	17	0	9	165
91	33270	33243	33268	27	2	11	171
92	33390	33252	33391	138	-1	8	160
93	33192	33178	33193	14	-1	8	167
94	33232	33227	33232	5	0	5	160
95	33261	33239	33261	22	0	11	166
96	33382	33253	33383	129	-1	7	163
97	33263	33242	33264	21	-1	10	166
98	33253	33240	33254	13	-1	9	169
99	33395	33254	33395	141	0	8	159
100	33469	33309	33459	160	10	35	358
101	33163	33159	33164	4	-1	5	159
102	33394	33250	33394	144	0	10	169
103	33244	33238	33245	6	-1	6	161
104	33263	33238	33262	25	1	11	167
105	33255	33244	33255	11	0	7	167
106	33392	33249	33393	143	-1	10	159
107	33260	33245	33260	15	0	7	167
108	33258	33245	33259	13	-1	8	160
109	33365	33220	33367	145	-2	10	169
110	33191	33186	33191	5	0	5	159
111	33264	33245	33264	19	0	9	168
112	33393	33253	33395	140	-2	10	164
113	33253	33241	33253	12	0	8	162
114	33252	33239	33252	13	0	8	167
115	33389	33250	33389	139	0	11	161
116	33264	33249	33265	15	-1	8	167
117	33244	33240	33245	4	-1	5	160
118	33195	33173	33194	22	1	9	169
119	33377	33230	33378	147	-1	10	164
120	33251	33241	33249	10	2	4	163
121	33252	33243	33253	9	-1	6	166
122	33392	33245	33392	147	0	8	163
123	33261	33243	33261	18	0	9	164
124	33247	33241	33248	6	-1	7	163
125	33402	33260	33403	142	-1	9	167
126	33511	33323	33503	188	8	49	416
127	33181	33169	33181	12	0	5	160
128	33225	33209	33223	16	2	7	166
129	33391	33250	21508227	140	-21474836	9	162
130	33260	33244	33260	16	0	8	165
131	33242	33238	33244	4	-2	5	163
132	33401	33254	33400	147	1	10	166
133	33247	33243	33248	4	-1	5	163
134	33261	33244	33262	17	-1	10	165
135	33393	33249	33394	144	-1	9	170
136	33253	33242	33254	11	-1	8	159
137	33156	33136	33155	20	1	9	168
138	33241	33236	33242	5	-1	5	160
139	33328	33246	33329	82	-1	14	167
140	33245	33241	33246	4	-1	5	161
141	33261	33243	33262	18	-1	9	167
142	33396	33250	33395	146	1	11	168
143	33268	33249	33267	19	1	10	162
144	33261	33246	33261	15	0	6	169
145	33383	33249	33384	134	-1	9	159
146	33262	33249	33264	13	-2	8	171
147	33138	33132	33138	6	0	5	160
148	33399	33251	33400	148	-1	11	169
149	33257	33240	33257	17	0	10	166
150	33249	33240	33249	9	0	7	161
151	33261	33243	33261	18	0	9	166
152	33639	33337	33634	302	5	54	412
153	33261	33242	33260	19	1	9	168
154	33249	33242	33250	7	-1	7	160
155	33400	33252	33401	148	-1	11	169
156	33185	33174	33186	11	-1	7	166
157	33239	33227	33240	12	-1	7	163
158	33399	33254	33398	145	1	10	165
159	33244	33238	33245	6	-1	6	163
160	33261	33243	33262	18	-1	9	167
161	33261	33249	33261	12	0	8	163
162	33400	33252	33400	148	0	11	167
163	33257	33240	33256	17	1	8	165
164	33204	33196	33205	8	-1	7	161
165	33362	33211	33360	151	2	10	164
166	33245	33240	33247	5	-2	5	163
167	33260	33241	33261	19	-1	9	165
168	33386	33250	33387	136	-1	7	162
169	33260	33242	33260	18	0	9	164
170	33255	33241	33254	14	1	8	168
171	33251	33240	33252	11	-1	8	161
172	33244	33231	33244	13	0	9	167
173	33167	33161	33167	6	0	5	161
174	33260	33246	33261	14	-1	7	166
175	33385	33249	33387	136	-2	8	163
176	33261	33243	33261	18	0	8	164
177	33255	33244	33257	11	-2	8	170
178	33654	33315	33651	339	3	66	414
179	33254	33243	33254	11	0	6	169
180	33277	33248	33276	29	1	14	178
181	33331	33187	33331	144	0	13	168
182	33222	33216	33223	6	-1	5	159
183	33264	33247	33264	17	0	9	168
184	33255	33241	33256	14	-1	8	166
185	33392	33247	33393	145	-1	8	160
186	33254	33241	33254	13	0	8	168
187	33253	33240	33253	13	0	8	159
188	33400	33249	33401	151	-1	12	169
189	33245	33240	33246	5	-1	5	160
190	33173	33157	33174	16	-1	9	169
191	33383	33248	33384	135	-1	8	159
192	33258	33248	33258	10	0	6	164
193	33252	33237	33252	15	0	7	164
194	33253	33241	33254	12	-1	8	162
195	33397	33250	33397	147	0	11	167
196	33259	33243	33257	16	2	8	163
197	33261	33244	33261	17	0	9	167
198	33384	33249	33386	135	-2	7	160
199	33175	33154	33175	21	0	12	168
200	33243	33231	33245	12	-2	8	166
201	33392	33251	33393	141	-1	9	163
202	33258	33241	33258	17	0	8	165
203	33246	33242	33247	4	-1	5	165
204	33262	33244	33263	18	-1	9	165
205	33501	33325	33492	176	9	50	415
206	33263	33241	33264	22	-1	13	166
207	33255	33243	33256	12	-1	9	168
208	33343	33198	33344	145	-1	10	161
209	33211	33194	33211	17	0	10	166
210	33243	33239	33244	4	-1	5	162
211	33401	33248	33401	153	0	12	166
212	33246	33242	33247	4	-1	5	163
213	33278	33250	33278	28	0	12	168
214	33389	33247	33390	142	-1	10	169
215	33253	33243	33254	10	-1	8	159
216	33259	33240	33260	19	-1	9	169
217	33244	33240	33246	4	-2	6	161
218	33334	33184	33335	150	-1	12	168
219	33209	33202	33210	7	-1	7	161
220	33265	33246	33264	19	1	9	165
221	33392	33252	33392	140	0	8	167
222	33248	33239	33249	9	-1	7	157
223	33263	33245	33262	18	1	9	169
224	33381	33246	33382	135	-1	7	159
225	33265	33244	33265	21	0	11	168
226	33242	33238	33243	4	-1	5	158
227	33260	33242	33262	18	-2	10	168
228	33358	33217	33359	141	-1	7	167
229	33176	33164	33177	12	-1	9	161
230	33256	33244	33256	12	0	7	167
231	33650	33325	33640	325	10	52	414
232	33261	33242	33260	19	1	7	169
233	33244	33239	33245	5	-1	6	158
234	33400	33252	33402	148	-2	11	169
235	33268	33247	33255	21	13	5	166
236	33251	33238	33252	13	-1	9	163
237	33390	33246	33391	144	-1	10	164
238	33244	33240	33245	4	-1	5	162
239	33160	33142	33160	18	0	8	165
240	33241	33236	33242	5	-1	6	162
241	33398	33253	33399	145	-1	11	166
242	33249	33243	33249	6	0	5	167
243	33251	33238	33251	13	0	8	163
244	33393	33246	33392	147	1	10	165
245	33254	33245	33255	9	-1	7	162
246	33260	33244	33261	16	-1	8	165
247	33382	33250	33382	132	0	8	163
248	33259	33239	33259	20	0	9	165
249	33232	33215	33233	17	-1	10	166
250	33181	33167	33182	14	-1	8	165
251	33394	33255	33394	139	0	7	168
252	33252	33242	33253	10	-1	7	160
253	33259	33243	33259	16	0	9	167
254	33385	33248	33386	137	-1	7	162
255	33259	33244	33261	15	-2	8	166
256	33246	33240	33247	6	-1	6	162
257	33652	33339	33646	313	6	49	418
258	33257	33244	8623191	12	-8589934	6	169
259	33252	33240	33252	12	0	9	159
260	33191	33177	33192	14	-1	7	171
261	33339	33204	33340	135	-1	8	159
262	33260	33240	33260	20	0	8	169
263	33248	33242	33248	6	0	5	160
264	33399	33252	33399	147	0	10	168
265	33254	33245	33255	9	-1	5	167
266	33266	33248	33265	18	1	8	162
267	33399	33252	33400	147	-1	11	168
268	33244	33238	33246	6	-2	7	160
269	33265	33248	33265	17	0	8	169
270	33382	33241	33382	141	0	7	159
271	33239	33224	33239	15	0	8	169
272	33144	33134	33144	10	0	7	165
273	33252	33242	33253	10	-1	7	163
274	33399	33245	33399	154	0	13	167
275	33243	33237	33245	6	-2	6	162
276	33262	33245	33263	17	-1	10	167
277	33385	33248	33386	137	-1	7	159
278	33262	33246	33263	16	-1	8	167
279	33250	33240	33252	10	-2	6	164
280	33391	33249	33391	142	0	7	163
281	33260	33244	33259	16	1	8	165
282	33243	33236	33243	7	0	6	162
283	33261	33246	33262	15	-1	7	164
284	33575	33312	33571	263	4	59	417
285	33172	33146	33173	26	-1	15	188
286	33316	33265	33315	51	1	20	200
287	33254	33243	33254	11	0	6	161
288	33261	33242	33260	19	1	9	167
289	33247	33242	33249	5	-2	5	163
290	33260	33238	33259	22	1	10	164
291	33245	33241	33246	4	-1	5	163
292	33263	33242	33264	21	-1	11	166
293	33252	33242	33253	10	-1	6	169
294	33255	33243	33254	12	1	7	158
295	33253	33240	33253	13	0	7	168
296	33243	33240	33245	3	-2	5	159
297	33253	33236	33255	17	-2	9	168
298	33115	33111	33117	4	-2	5	160
299	33267	33242	33268	25	-1	12	167
300	33253	33244	33254	9	-1	7	169
301	33271	33253	33271	18	0	10	161
302	33253	33241	33254	12	-1	9	169
303	33252	33240	33253	12	-1	8	160
304	33261	33242	33261	19	0	10	169
305	33243	33240	33245	3	-2	5	158
306	33265	33242	33265	23	0	12	168
307	33244	33240	33244	4	0	4	159
308	33261	33242	33262	19	-1	11	168
309	33254	33246	33255	8	-1	5	166
310	33499	33317	33490	182	9	51	413
311	33139	33123	33138	16	1	8	168
312	33243	33237	33244	6	-1	7	159
313	33266	33244	33265	22	1	10	169
314	33242	33239	33243	3	-1	4	160
315	33261	33243	33262	18	-1	11	169
316	33258	33243	33257	15	1	6	165
317	33253	33243	33253	10	0	7	164
318	33257	33241	33258	16	-1	8	164
319	33261	33250	33263	11	-2	9	164
320	33262	33245	33264	17	-2	10	166
321	33242	33238	33243	4	-1	5	161
322	33263	33244	33264	19	-1	11	168
323	33229	33215	33229	14	0	6	166
324	33144	33134	33143	10	1	7	162
325	33259	33241	33260	18	-1	9	166
326	33244	33241	33246	3	-2	5	163
327	33262	33248	33264	14	-2	8	165
328	33242	33237	33243	5	-1	5	165
329	33269	33252	33270	17	-1	9	165
330	33252	33242	33251	10	1	5	168
331	33265	33245	33266	20	-1	8	160
332	33255	33237	33255	18	0	9	167
333	33248	33243	33249	5	-1	6	161
334	33257	33240	33256	17	1	9	167
335	33248	33244	33249	4	-1	4	162
336	33519	33331	33509	188	10	49	420
337	33260	33247	33262	13	-2	9	169
338	33249	33236	33249	13	0	9	159
339	33265	33249	33263	16	2	7	170
340	33241	33235	33243	6	-2	6	159
341	33265	33248	33266	17	-1	9	169
342	33240	33235	33240	5	0	4	161
343	33264	33242	33264	22	0	13	168
344	33256	33245	33257	11	-1	7	167
345	33247	33235	33248	12	-1	9	160
346	33257	33246	33257	11	0	6	168
347	33192	33185	33192	7	0	6	157
348	33129	33109	33129	20	0	10	168
349	33126	33119	33126	7	0	6	159
350	33269	33251	33269	18	0	11	170
351	33239	33236	33240	3	-1	4	159
352	33249	33237	33248	12	1	7	163
353	33257	33246	33257	11	0	7	167
354	33266	33243	33267	23	-1	12	163
355	33265	33246	33265	19	0	10	167
356	33243	33237	33242	6	1	4	159
357	33259	33244	33260	15	-1	8	167
358	33245	33242	33246	3	-1	4	157
359	33748	33348	33746	400	2	13	170
360	33244	33230	33245	14	-1	8	165
361	33258	33245	33258	13	0	7	162
362	33265	33246	33266	19	-1	10	164
363	33506	33320	33499	186	7	49	415
364	33248	33229	33250	19	-2	10	167
365	33396	33270	33397	126	-1	6	163
366	33269	33245	33268	24	1	11	166
367	33258	33248	33258	10	0	6	167
368	33242	33232	33243	10	-1	7	163
369	33263	33248	33264	15	-1	7	164
370	33246	33242	33248	4	-2	6	163
371	33263	33239	33263	24	0	13	167
372	33245	33241	33246	4	-1	5	163
373	33268	33248	33269	20	-1	11	164
374	33254	33245	33256	9	-2	8	168
375	33248	33236	33250	12	-2	8	159
376	33266	33248	33263	18	3	9	169
377	33248	33244	33250	4	-2	5	160
378	33257	33235	33259	22	-2	11	166
379	33247	33242	33247	5	0	5	162
380	33266	33246	33266	20	0	12	166
381	33248	33237	33249	11	-1	6	169
382	33255	33245	33256	10	-1	7	160
383	33250	33234	33250	16	0	7	169
384	33247	33243	33248	4	-1	5	159
385	33269	33252	33271	17	-2	10	170
386	33235	33231	33235	4	0	4	158
387	33271	33250	8623206	20	-8589935	9	168
388	33257	33246	33257	11	0	7	167
389	33634	33323	33623	311	11	49	415
390	33245	33230	33245	15	0	8	167
391	33134	33111	33136	23	-2	16	181
392	33125	33105	33124	20	1	9	168
393	33121	33115	33120	6	1	4	160
394	33159	33146	33160	13	-1	8	169
395	33223	33212	33225	11	-2	6	165
396	33257	33244	33256	13	1	8	165
397	33397	33255	33398	142	-1	8	165
398	33233	33227	33231	6	2	4	162
399	33268	33247	33269	21	-1	11	166
400	33246	33243	33247	3	-1	4	161
401	33257	33238	33258	19	-1	11	167
402	33250	33244	33251	6	-1	5	160
403	33247	33235	33246	12	1	8	162
404	33260	33249	33261	11	-1	7	166
405	33395	33251	33395	144	0	9	163
406	33255	33237	33255	18	0	10	165
407	33246	33242	33248	4	-2	5	164
408	33252	33232	33253	20	-1	11	165
409	33249	33245	33250	4	-1	4	163
410	33266	33244	33267	22	-1	12	165
411	33248	33239	33250	9	-2	5	167
412	33255	33245	33256	10	-1	7	159
413	33254	33234	33254	20	0	8	166
414	33388	33250	33389	138	-1	9	161
415	33510	33314	33503	196	7	57	418
416	33251	33241	33250	10	1	8	162
417	33263	33241	33264	22	-1	10	164
418	33252	33243	33252	9	0	5	169
419	33251	33240	33253	11	-2	7	159
420	33262	33246	33263	16	-1	10	169
421	33242	33237	33244	5	-2	6	159
422	33407	33259	33408	148	-1	12	167
423	33242	33238	33243	4	-1	4	160
424	33279	33255	33280	24	-1	12	167
425	33253	33238	33254	15	-1	7	167
426	33250	33238	33251	12	-1	8	160
427	33263	33242	33264	21	-1	10	169
428	33205	33198	33204	7	1	5	159
429	33127	33111	33129	16	-2	9	168
430	33273	33138	33274	135	-1	6	158
431	33260	33238	33260	22	0	11	168
432	33256	33244	33257	12	-1	7	165
433	33251	33238	33251	13	0	8	161
434	33257	33240	33256	17	1	9	167
435	33249	33243	33249	6	0	5	159
436	33260	33237	33260	23	0	10	166
437	33242	33237	33243	5	-1	6	160
438	33404	33251	33405	153	-1	13	168
439	33250	33237	33250	13	0	8	165
440	33258	33246	33259	12	-1	8	163
441	33259	33240	33259	19	0	9	164
442	33508	33311	33493	197	15	54	417
443	33267	33246	33267	21	0	10	166
444	33241	33238	33242	3	-1	4	162
445	33263	33243	33264	20	-1	10	165
446	33259	33248	33259	11	0	7	166
447	33390	33247	33391	143	-1	9	159
448	33257	33240	33257	17	0	9	164
449	33249	33242	33248	7	1	6	163
450	33259	33240	33260	19	-1	10	165
451	33240	33238	33242	2	-2	4	163
452	33266	33248	33268	18	-2	11	164
453	33255	33245	33256	10	-1	6	168
454	33162	33151	33163	11	-1	8	160
455	33254	33109	33255	145	-1	10	169
456	33238	33228	33239	10	-1	8	159
457	33261	33245	33262	16	-1	10	166
458	33241	33238	33243	3	-2	4	161
459	33283	33248	33282	35	1	13	166
460	33240	33237	33242	3	-2	5	162
461	33261	33244	33261	17	0	8	165
462	33258	33248	33259	10	-1	6	169
463	33389	33250	33389	139	0	9	159
464	33260	33241	33262	19	-2	11	168
465	33239	33236	33241	3	-2	4	158
466	33267	33247	33268	20	-1	10	168
467	33242	33238	33243	4	-1	4	159
468	33516	33320	33511	196	5	58	419
469	33255	33240	33257	15	-2	8	166
470	33258	33246	33258	12	0	8	159
471	33398	33250	33398	148	0	10	168
472	33241	33238	33242	3	-1	4	160
473	33265	33246	33265	19	0	9	168
474	33243	33240	33245	3	-2	5	159
475	33262	33245	33262	17	0	11	170
476	33254	33241	33254	13	0	8	165
477	33165	33148	33165	17	0	8	165
478	33141	33123	33142	18	-1	9	165
479	33234	33231	33235	3	-1	4	161
480	33399	33251	33400	148	-1	11	165
481	33243	33237	33243	6	0	5	159
482	33267	33245	33267	22	0	12	167
483	33255	33241	33256	14	-1	8	166
484	33251	33241	33250	10	1	5	162
485	33258	33240	33259	18	-1	10	165
486	33242	33238	33243	4	-1	5	164
487	33264	33250	33265	14	-1	8	165
488	33386	33252	33388	134	-2	7	163
489	33259	33242	33260	17	-1	9	166
490	33254	33242	33254	12	0	7	168
491	33250	33240	33250	10	0	7	160
492	33260	33239	33260	21	0	10	166
493	33248	33244	33250	4	-2	4	161
494	33523	33339	33517	184	6	51	420
495	33243	33238	33244	5	-1	5	162
496	33420	33257	33418	163	2	19	184
497	33229	33215	33230	14	-1	7	169
498	33114	33105	33115	9	-1	7	159
499	33220	33204	33220	16	0	8	169
500	33242	33237	33243	5	-1	5	160
501	33263	33237	33262	26	1	12	167
502	33244	33239	33243	5	1	3	160
503	33260	33243	33260	17	0	10	165
504	33381	33247	33383	134	-2	6	161
505	33254	33242	33255	12	-1	8	160
506	33258	33248	33259	10	-1	7	169
507	33251	33241	33252	10	-1	7	158
508	33262	33242	33261	20	1	11	168
509	33241	33238	33242	3	-1	4	158
510	33262	33245	33263	17	-1	10	168
511	33242	33238	33242	4	0	4	159
512	33278	33243	33279	35	-1	12	169
513	33392	33252	33394	140	-2	8	167
514	33253	33241	33253	12	0	8	159
515	33260	33241	33260	19	0	9	166
516	33183	33179	33184	3	-1	5	160
517	33146	33126	33145	20	1	10	168
518	33240	33237	33242	3	-2	5	159
519	33264	33247	33265	17	-1	10	169
520	33253	33240	33254	13	-1	6	164
521	33650	33333	33637	317	13	51	415
522	33261	33240	33262	21	-1	13	166
523	33244	33241	33245	3	-1	4	162
524	33266	33249	33268	17	-2	11	165
525	33242	33239	33243	3	-1	4	160
526	33264	33247	33265	17	-1	10	168
527	33252	33241	33252	11	0	7	164
528	33251	33238	33252	13	-1	10	162
529	33413	33254	33414	159	-1	13	167
530	33242	33239	33243	3	-1	4	163
531	33266	33245	33266	21	0	10	165
532	33242	33239	33243	3	-1	4	162
533	33219	33194	33219	25	0	11	164
534	33124	33113	33125	11	-1	6	168
535	33244	33234	33245	10	-1	7	159
536	33262	33244	33262	18	0	9	166
537	33382	33250	33383	132	-1	6	161
538	33264	33246	33265	18	-1	10	165
539	33243	33240	33245	3	-2	5	162
540	33262	33241	33263	21	-1	9	165
541	33253	33241	33253	12	0	7	168
542	33251	33239	33251	12	0	9	159
543	33261	33242	33261	19	0	9	168
544	33241	33237	33241	4	0	4	159
545	33263	33246	33264	17	-1	9	168
546	33242	33239	33244	3	-2	4	159
547	33527	33331	33519	196	8	49	420
548	33255	33242	33257	13	-2	10	165
549	33211	33200	33212	11	-1	8	159
550	33143	33127	33143	16	0	8	167
551	33242	33239	33243	3	-1	4	160
552	33262	33243	33262	19	0	9	168
553	33243	33239	33244	4	-1	5	159
554	33403	33252	33403	151	0	10	170
555	33243	33238	33243	5	0	4	161
556	33253	33244	33253	9	0	7	163
557	33256	33243	33257	13	-1	8	166
558	33242	33238	33244	4	-2	5	161
559	33263	33242	33263	21	0	11	165
560	33244	33239	33245	5	-1	4	160
561	33264	33243	33262	21	2	11	167
562	33381	33248	33382	133	-1	6	160
563	33263	33248	33262	15	1	9	168
564	33267	33242	33269	25	-2	10	167
565	33127	33117	33128	10	-1	6	164
566	33222	33203	33222	19	0	12	165
567	33244	33239	33245	5	-1	5	163
568	33262	33244	33264	18	-2	10	166
569	33245	33241	33246	4	-1	4	162
570	33400	33251	33400	149	0	13	166
571	33255	33239	33255	16	0	9	166
572	33251	33239	33252	12	-1	8	161
573	33514	33324	33509	190	5	56	418
574	33242	33237	33244	5	-2	6	162
575	33262	33242	33263	20	-1	12	164
576	33246	33240	33246	6	0	5	163
577	33263	33245	33263	18	0	11	164
578	33393	33253	33395	140	-2	9	169
579	33149	33139	33150	10	-1	6	160
580	33214	33195	33215	19	-1	11	167
581	33244	33240	33245	4	-1	4	160
582	33279	33254	33280	25	-1	16	167
583	33243	33240	33244	3	-1	4	160
584	33259	33243	33261	16	-2	9	166
585	33254	33241	33256	13	-2	10	169
586	33253	33243	33254	10	-1	7	159
587	33402	33258	33403	144	-1	10	168
588	33244	33241	33246	3	-2	4	158
589	33263	33247	33264	16	-1	11	169
590	33241	33237	33242	4	-1	5	160
591	33265	33245	33265	20	0	10	168
592	33253	33242	33254	11	-1	7	166
593	33160	33150	33161	10	-1	7	160
594	33212	33196	33213	16	-1	9	165
595	33378	33240	33378	138	0	6	158
596	33264	33242	33261	22	3	11	169
597	33243	33240	33244	3	-1	4	160
598	33265	33244	33266	21	-1	11	169
599	33250	33240	33251	10	-1	6	164
600	33522	33333	33515	189	7	49	416
601	33279	33250	33280	29	-1	17	186
602	33244	33241	33245	3	-1	4	162
603	33399	33249	33399	150	0	14	165
604	33245	33241	33246	4	-1	5	160
605	33220	33204	33220	16	0	8	167
606	33178	33166	33177	12	1	7	165
607	33253	33242	33254	11	-1	7	162
608	33255	33242	33255	13	0	9	165
609	33243	33240	33244	3	-1	4	162
610	33260	33241	33262	19	-2	11	165
611	33382	33250	33383	132	-1	6	164
612	33265	33244	33266	21	-1	10	165
613	33241	33238	33242	3	-1	4	162
614	33252	33242	33253	10	-1	8	159
615	33251	33237	33251	14	0	8	166
616	33253	33243	33254	10	-1	6	160
617	33200	33166	33201	34	-1	14	168
618	33201	33198	33202	3	-1	4	162
619	33263	33246	33262	17	1	8	166
620	33380	33246	33381	134	-1	7	162
621	33262	33243	33263	19	-1	11	165
622	33259	33246	33260	13	-1	7	170
623	33248	33236	33248	12	0	7	159
624	33266	33245	33266	21	0	11	169
625	33241	33238	33242	3	-1	4	160
626	33520	33329	33516	191	4	45	419
627	33244	33239	33244	5	0	5	160
628	33399	33248	33400	151	-1	12	166
629	33181	33162	33181	19	0	11	167
630	33208	33196	33209	12	-1	7	160
631	33260	33241	33259	19	1	10	168
632	33244	33240	33246	4	-2	5	159
633	33263	33245	33264	18	-1	10	170
634	33245	33241	33247	4	-2	5	159
635	33279	33253	33278	26	1	14	171
636	33398	33251	33399	147	-1	10	166
637	33249	33238	33249	11	0	7	162
638	33260	33241	33260	19	0	9	166
639	33243	33240	33245	3	-2	4	159
640	33194	33174	33194	20	0	11	167
641	33202	33198	33203	4	-1	4	160
642	33261	33244	33262	17	-1	10	168
643	33257	33242	33258	15	-1	8	164
644	33387	33249	33387	138	0	8	163
645	33264	33247	33265	17	-1	9	165
646	33243	33238	33243	4	0	4	162
647	33274	33246	33273	28	1	9	165
648	33243	33237	33244	6	-1	6	161
649	33263	33245	33263	18	0	8	166
650	33251	33241	33253	10	-2	8	165
651	33188	33179	33189	9	-1	6	161
652	33473	33281	33465	192	8	51	420
653	33386	33250	33387	136	-1	6	162
654	33261	33241	33260	20	1	11	165
655	33245	33241	33246	4	-1	4	162
656	33260	33242	33261	18	-1	11	164
657	33256	33240	33256	16	0	10	169
658	33248	33237	33247	11	1	7	160
659	33264	33245	33263	19	1	11	168
660	33242	33239	33244	3	-2	4	160
661	33402	33252	33403	150	-1	11	166
662	33206	33202	33207	4	-1	4	159
663	33181	33165	33182	16	-1	10	164
664	33245	33240	33246	5	-1	6	163
665	33250	33241	33251	9	-1	7	160
666	33259	33244	33259	15	0	9	169
667	33250	33240	33251	10	-1	7	158
668	33263	33243	33263	20	0	11	168
669	33381	33244	33382	137	-1	6	160
670	33279	33252	33279	27	0	11	170
671	33243	33240	33244	3	-1	4	159
672	33260	33240	33259	20	1	10	166
673	33258	33245	33258	13	0	8	168
674	33163	33154	33164	9	-1	6	158
675	33222	33203	33223	19	-1	8	169
676	33243	33239	33244	4	-1	5	159
677	33404	33249	33403	155	1	12	169
678	33242	33238	33243	4	-1	5	158
679	33519	33319	33515	200	4	59	421
680	33255	33244	33255	11	0	7	164
681	33253	33243	33254	10	-1	7	162
682	33259	33247	33260	12	-1	8	166
683	33244	33240	33244	4	0	4	160
684	33262	33244	33263	18	-1	10	166
685	33244	33240	33245	4	-1	5	159
686	33315	33156	33314	159	1	12	168
687	33237	33213	33238	24	-1	10	168
688	33250	33239	33250	11	0	7	162
689	33263	33250	33263	13	0	7	165
690	33241	33238	33243	3	-2	4	164
691	33265	33248	33265	17	0	9	165
692	33241	33238	33242	3	-1	4	162
693	33262	33242	33260	20	2	11	165
694	33395	33251	33397	144	-2	11	167
695	33250	33238	33251	12	-1	7	159
696	33201	33185	33202	16	-1	10	165
697	33219	33216	33220	3	-1	4	161
698	33264	33248	33265	16	-1	9	166
699	33242	33238	33242	4	0	4	162
700	33263	33245	33262	18	1	10	165
701	33257	33246	33258	11	-1	8	170
702	33392	33249	33393	143	-1	8	159
703	33263	33244	33263	19	0	9	169
704	33209	33207	33211	2	-2	4	160
705	33478	33277	33469	201	9	56	421
706	33243	33239	33244	4	-1	5	160
707	33286	33247	33288	39	-2	18	186
708	33245	33241	33247	4	-2	5	161
709	33249	33240	33250	9	-1	7	160
710	33396	33248	33397	148	-1	10	168
711	33240	33237	33241	3	-1	4	159
712	33264	33248	33264	16	0	9	170
713	33157	33153	33158	4	-1	4	159
714	33262	33246	33263	16	-1	8	169
715	33246	33239	33246	7	0	6	160
716	33260	33242	33260	18	0	10	168
717	33254	33239	33255	15	-1	9	166
718	33250	33242	33250	8	0	6	160
719	33263	33248	33264	15	-1	10	167
720	33244	33240	33246	4	-2	4	160
721	33194	33178	33194	16	0	8	168
722	33238	33223	33239	15	-1	7	160
723	33262	33243	33263	19	-1	10	169
724	33254	33246	33256	8	-2	7	165
725	33253	33243	33254	10	-1	7	163
726	33260	33241	33261	19	-1	11	165
727	33384	33249	33384	135	0	7	161
728	33262	33243	33262	19	0	10	166
729	33175	33169	33175	6	0	6	159
730	33249	33236	33249	13	0	8	167
731	33513	33324	33506	189	7	52	418
732	33253	33241	33253	12	0	6	162
733	33262	33240	33263	22	-1	12	165
734	33244	33239	33246	5	-2	5	162
735	33401	33250	33402	151	-1	11	164
736	33243	33238	33243	5	0	5	163
737	33186	33168	33187	18	-1	9	166
738	33245	33230	33246	15	-1	9	167
739	33253	33242	33253	11	0	6	160
740	33277	33252	33277	25	0	13	167
741	33242	33239	33243	3	-1	4	160
742	33262	33243	33261	19	1	10	164
743	33385	33248	33386	137	-1	8	163
744	33264	33242	33261	22	3	10	165
745	33200	33189	33200	11	0	7	168
746	33220	33211	33221	9	-1	6	158
747	33263	33248	33264	15	-1	8	169
748	33243	33240	33244	3	-1	4	160
749	33266	33246	33266	20	0	10	168
750	33242	33239	33243	3	-1	4	159
751	33402	33254	33403	148	-1	11	166
752	33254	33243	33255	11	-1	6	165
753	33234	33225	33235	9	-1	6	158
754	33198	33181	33199	17	-1	10	168
755	33242	33239	33243	3	-1	4	159
756	33264	33244	33263	20	1	9	169
757	33242	33238	33243	4	-1	4	158
758	33528	33334	33521	194	7	58	422
759	33243	33237	33243	6	0	6	158
760	33389	33249	33388	140	1	8	162
761	33221	33204	33219	17	2	9	165
762	33198	33194	33198	4	0	4	161
763	33265	33245	33266	20	-1	8	166
764	33242	33239	33243	3	-1	4	159
765	33265	33248	33267	17	-2	11	168
766	33243	33239	33244	4	-1	5	160
767	33261	33244	33262	17	-1	8	168
768	33396	33250	33396	146	0	10	165
769	33219	33215	33219	4	0	4	164
770	33204	33183	33204	21	0	8	165
771	33243	33241	33245	2	-2	4	163
772	33262	33243	33262	19	0	10	166
773	33243	33239	33245	4	-2	6	161
774	33260	33245	33260	15	0	8	165
775	33272	33253	8623206	18	-8589934	11	167
776	33389	33248	33390	141	-1	9	161
777	33264	33243	33264	21	0	10	166
778	33157	33154	33158	3	-1	4	162
779	33260	33240	33259	20	1	10	165
780	33834	33347	33832	487	2	9	165
781	33260	33238	33259	22	1	9	165
782	33257	33240	33258	17	-1	9	169
783	33250	33240	33252	10	-2	6	160
784	33658	33338	33651	320	7	57	420
785	33243	33240	33244	3	-1	4	160
786	33322	33182	33322	140	0	15	166
787	33244	33238	33244	6	0	5	161
788	33262	33246	33263	16	-1	8	166
789	33257	33244	33258	13	-1	9	168
790	33249	33243	33250	6	-1	5	158
791	33262	33242	33263	20	-1	11	169
792	33242	33238	33244	4	-2	6	159
793	33417	33256	33418	161	-1	14	170
794	33168	33161	33169	7	-1	7	159
795	33257	33238	33258	19	-1	10	167
796	33255	33241	33255	14	0	7	166
797	33249	33240	33250	9	-1	6	159
798	33260	33245	33262	15	-2	9	168
799	33243	33239	33244	4	-1	4	160
800	33264	33248	33264	16	0	8	168
801	33385	33249	33384	136	1	6	158
802	33220	33205	33219	15	1	9	168
803	33210	33194	33211	16	-1	11	165
804	33251	33242	33252	9	-1	7	163
805	33260	33244	33262	16	-2	11	166
806	33246	33242	33247	4	-1	4	161
807	33263	33247	33264	16	-1	9	166
808	33246	33241	33247	5	-1	5	159
809	33400	33248	33401	152	-1	12	166
810	33521	33343	33514	178	7	50	421
811	33159	33149	33161	10	-2	7	163
812	33286	33254	33287	32	-1	18	185
813	33246	33241	33247	5	-1	5	162
814	33261	33241	33262	20	-1	10	164
815	33244	33239	33245	5	-1	6	162
816	33261	33243	33262	18	-1	11	166
817	33383	33247	33383	136	0	7	162
818	33254	33244	33254	10	0	6	159
819	33236	33225	33236	11	0	7	167
820	33175	33170	33175	5	0	4	161
821	33264	33245	33265	19	-1	11	164
822	33245	33241	33246	4	-1	5	162
823	33261	33241	33260	20	1	8	165
824	33243	33239	33245	4	-2	6	163
825	33261	33245	33261	16	0	7	165
826	33394	33256	33395	138	-1	8	168
827	33248	33240	33250	8	-2	6	158
828	33223	33195	33221	28	2	14	170
829	33207	33202	33207	5	0	5	159
830	33265	33248	33265	17	0	9	166
831	33243	33238	33244	5	-1	6	161
832	33261	33242	33261	19	0	11	165
833	33255	33238	33255	17	0	10	169
834	33388	33246	33387	142	1	9	159
835	33263	33247	33263	16	0	8	168
836	33242	33239	33244	3	-2	5	159
837	33470	33275	33462	195	8	50	422
838	33202	33197	33204	5	-2	6	159
839	33261	33244	33261	17	0	9	168
840	33254	33239	33254	15	0	9	165
841	33249	33241	33251	8	-2	7	160
842	33402	33253	33402	149	0	10	166
843	33241	33238	33242	3	-1	4	159
844	33263	33242	33263	21	0	10	167
845	33249	33236	33249	13	0	9	162
846	33196	33179	33196	17	0	8	168
847	33255	33240	33255	15	0	9	165
848	33249	33241	33251	8	-2	6	164
849	33264	33245	33266	19	-2	10	165
850	33381	33251	33382	130	-1	6	163
851	33263	33243	33264	20	-1	10	166
852	33243	33239	33245	4	-2	6	162
853	33179	33166	33180	13	-1	8	166
854	33256	33243	33254	13	2	7	166
855	33249	33242	33251	7	-2	6	161
856	33263	33243	33263	20	0	10	166
857	33242	33239	33243	3	-1	4	162
858	33264	33246	33265	18	-1	10	165
859	33385	33251	33385	134	0	7	164
860	33254	33239	33256	15	-2	11	165
861	33173	33167	33175	6	-2	6	165
862	33250	33241	33251	9	-1	7	160
863	33528	33319	33520	209	8	56	422
864	33242	33239	33243	3	-1	4	160
865	33261	33243	33261	18	0	10	165
866	33245	33239	33246	6	-1	6	161
867	33398	33250	33400	148	-2	11	166
868	33202	33196	33203	6	-1	5	162
869	33223	33208	33224	15	-1	10	164
870	33261	33242	33261	19	0	11	169
871	33241	33238	33242	3	-1	4	158
872	33262	33246	33261	16	1	9	168
873	33243	33238	33244	5	-1	5	159
874	33261	33246	33262	15	-1	10	167
875	33354	33216	33356	138	-2	8	160
876	33225	33208	33225	17	0	10	165
877	33253	33239	33253	14	0	9	166
878	33255	33243	33255	12	0	5	160
879	33262	33244	33262	18	0	11	168
880	33260	33246	33261	14	-1	10	160
881	33261	33244	33261	17	0	8	168
882	33177	33173	33179	4	-2	5	158
883	33403	33254	33403	149	0	12	169
884	33252	33237	33252	15	0	9	166
885	33252	33242	33252	10	0	6	161
886	33261	33243	33262	18	-1	12	166
887	33244	33239	33244	5	0	5	159
888	33204	33188	33205	16	-1	9	166
889	33488	33307	33480	181	8	49	413
890	33265	33247	33266	18	-1	7	169
891	33394	33249	33395	145	-1	11	166
892	33253	33243	33255	10	-2	7	163
893	33260	33241	33259	19	1	10	164
894	33244	33239	33245	5	-1	6	162
895	33189	33174	33189	15	0	8	166
896	33245	33241	33246	4	-1	5	163
897	33263	33244	33264	19	-1	9	165
898	33270	33251	33272	19	-2	11	168
899	33252	33240	33252	12	0	7	161
900	33398	33248	33398	150	0	12	164
901	33243	33239	33244	4	-1	5	162
902	33194	33176	33195	18	-1	8	165
903	33244	33240	33246	4	-2	5	163
904	33262	33245	17213132	16	-17179870	8	165
905	33254	33241	33254	13	0	8	168
906	33253	33244	33254	9	-1	6	158
907	33260	33240	33260	20	0	9	168
908	33375	33242	33375	133	0	6	159
909	33200	33184	33201	16	-1	10	166
910	33242	33237	33243	5	-1	6	161
911	33263	33244	33263	19	0	9	165
912	33245	33241	33246	4	-1	5	163
913	33248	33239	33249	9	-1	6	159
914	33263	33245	33262	18	1	8	168
915	33242	33239	33243	3	-1	4	159
916	33540	33274	33531	266	9	54	422
917	33268	33251	33269	17	-1	14	180
918	33262	33244	33263	18	-1	10	168
919	33242	33236	33242	6	0	6	159
920	33260	33244	33261	16	-1	8	166
921	33258	33245	33257	13	1	7	166
922	33243	33240	33244	3	-1	4	159
923	33181	33163	33183	18	-2	9	168
924	33244	33239	33244	5	0	5	160
925	33262	33245	33263	17	-1	10	168
926	33246	33241	33247	5	-1	5	159
927	33261	33248	33263	13	-2	8	170
928	33256	33241	33257	15	-1	9	165
929	33251	33244	33252	7	-1	6	163
930	33222	33203	33222	19	0	10	165
931	33207	33201	33208	6	-1	6	160
932	33261	33245	33261	16	0	7	166
933	33263	33247	33263	16	0	9	162
934	33261	33242	33260	19	1	9	167
935	33255	33240	33256	15	-1	11	166
936	33253	33239	33253	14	0	8	162
937	33195	33179	33196	16	-1	10	164
938	33242	33237	33243	5	-1	6	163
939	33262	33247	33261	15	1	7	165
940	33244	33239	33245	5	-1	5	163
941	33261	33244	33261	17	0	9	166
942	33512	33338	33502	174	10	47	420
943	33214	33204	33214	10	0	6	160
944	33232	33217	33233	15	-1	9	165
945	33245	33240	33246	5	-1	5	161
946	33261	33239	33260	22	1	9	166
947	33244	33239	33245	5	-1	5	163
948	33261	33245	33261	16	0	10	164
949	33254	33244	33255	10	-1	7	168
950	33180	33172	33179	8	1	5	158
951	33277	33250	33277	27	0	12	170
952	33245	33240	33246	5	-1	5	159
953	33261	33242	33260	19	1	7	167
954	33244	33239	33245	5	-1	6	160
955	33260	33245	33260	15	0	7	165
956	33247	33238	33249	9	-2	8	167
957	33191	33182	33192	9	-1	5	160
958	33261	33246	33263	15	-2	10	168
959	33243	33238	33244	5	-1	5	158
960	33262	33241	33261	21	1	10	168
961	33241	33237	33242	4	-1	5	158
962	33264	33247	33266	17	-2	12	169
963	33193	33189	33194	4	-1	5	160
964	33244	33225	33243	19	1	10	166
965	33269	33240	33270	29	-1	10	166
966	33243	33239	33244	4	-1	5	159
967	33262	33247	33263	15	-1	8	166
968	33511	33326	33504	185	7	50	415
969	33263	33247	33264	16	-1	8	169
970	33171	33166	33171	5	0	5	159
971	33264	33248	33265	16	-1	9	168
972	33258	33237	33259	21	-1	11	164
973	33244	33239	33244	5	0	5	163
974	33261	33247	33263	14	-2	9	166
975	33244	33240	33245	4	-1	5	162
976	33263	33248	33263	15	0	9	165
977	33168	33164	33169	4	-1	5	160
978	33261	33241	33260	20	1	10	165
979	33255	33239	33255	16	0	7	164
980	33249	33239	33249	10	0	6	163
981	33263	33249	33263	14	0	7	166
982	33245	33239	33244	6	1	5	163
983	33263	33247	33263	16	0	8	164
984	33168	33164	33169	4	-1	5	162
985	33260	33241	33259	19	1	9	166
986	33273	33249	33274	24	-1	11	170
987	33251	33242	33253	9	-2	7	159
988	33259	33239	33261	20	-2	8	166
989	33244	33238	33244	6	0	6	159
990	33261	33244	33262	17	-1	9	164
991	33173	33168	33174	5	-1	5	163
992	33261	33243	33262	18	-1	10	166
993	33257	33246	33258	11	-1	8	169
994	33252	33239	33254	13	-2	9	158
995	33517	33330	33512	187	5	51	420
996	33242	33236	33242	6	0	6	158
997	33264	33243	33263	21	1	9	168
998	33245	33240	33247	5	-2	5	159
999	33262	33240	33262	22	0	12	166
1000	33175	33161	33176	14	-1	8	167
