ITERNUM	METIME	PRTIME	TPRTIME	DIFF	TDIFF	NRPROCS	NPROCS
1	4157	4156	4159	1	-2	3	146
2	4156	4156	4157	0	-1	2	147
3	4169	4159	4170	10	-1	6	154
4	4155	4154	4155	1	0	2	145
5	4157	4155	4157	2	0	3	148
6	4158	4153	4158	5	0	4	149
7	4154	4153	4156	1	-2	4	147
8	4156	4155	4157	1	-1	2	147
9	4158	4157	4159	1	-1	3	149
10	4155	4155	4157	0	-2	2	147
11	4158	4156	4158	2	0	3	146
12	4157	4156	4158	1	-1	3	148
13	4157	4156	4159	1	-2	3	145
14	4156	4156	4157	0	-1	2	146
15	4159	4157	4159	2	0	3	147
16	4155	4156	4157	-1	-2	2	146
17	4158	4157	4160	1	-2	3	147
18	4163	4158	4163	5	0	4	149
19	4158	4157	4160	1	-2	3	146
20	4156	4156	4157	0	-1	2	147
21	4159	4158	4160	1	-1	3	148
22	4152	4152	4153	0	-1	2	147
23	4153	4152	4154	1	-1	3	146
24	4154	4154	4156	0	-2	2	148
25	4157	4156	4159	1	-2	3	147
26	4166	4160	4167	6	-1	3	153
27	4157	4156	4159	1	-2	3	148
28	4155	4155	4156	0	-1	2	146
29	4158	4156	4158	2	0	3	147
30	4156	4156	4157	0	-1	2	147
31	4157	4156	4158	1	-1	3	146
32	4155	4155	4156	0	-1	2	147
33	4158	4157	4159	1	-1	3	148
34	4156	4156	4157	0	-1	2	147
35	4159	4157	4161	2	-2	5	147
36	4156	4156	4157	0	-1	2	148
37	4158	4157	4159	1	-1	3	147
38	4164	4155	4165	9	-1	4	155
39	4297	4164	4299	133	-2	6	146
40	4156	4156	4157	0	-1	2	146
41	4162	4155	4163	7	-1	4	147
42	4156	4156	4157	0	-1	2	148
43	4156	4156	4157	0	-1	2	146
44	4156	4154	4155	2	1	2	146
45	4156	4156	4157	0	-1	2	146
46	4155	4155	4156	0	-1	2	146
47	4207	4170	4208	37	-1	16	197
48	4301	4183	4298	118	3	21	231
49	4157	4157	4158	0	-1	2	149
50	4169	4157	4168	12	1	6	154
51	4156	4156	4157	0	-1	2	147
52	4158	4156	4160	2	-2	4	148
53	4158	4152	4158	6	0	4	148
54	4153	4152	4154	1	-1	3	146
55	4156	4156	4157	0	-1	2	146
56	4158	4157	4159	1	-1	3	146
57	4155	4155	4156	0	-1	2	145
58	4157	4157	4159	0	-2	3	147
59	4157	4155	4158	2	-1	4	147
60	4157	4156	4158	1	-1	3	146
61	4155	4155	4156	0	-1	2	147
62	4169	4160	4170	9	-1	6	154
63	4155	4155	4156	0	-1	2	145
64	4158	4157	4159	1	-1	3	148
65	4162	4155	4164	7	-2	4	149
66	4158	4155	4157	3	1	3	147
67	4155	4155	4157	0	-2	3	147
68	4153	4152	4154	1	-1	3	149
69	4154	4153	4153	1	1	1	147
70	4158	4157	4159	1	-1	3	146
71	4158	4157	4159	1	-1	3	149
72	4157	4156	4158	1	-1	3	145
73	4155	4155	4157	0	-2	2	146
74	4168	4157	4168	11	0	7	153
75	4156	4156	4157	0	-1	2	146
76	4158	4157	4159	1	-1	3	147
77	4162	4158	4163	4	-1	4	149
78	4158	4156	4159	2	-1	3	146
79	4155	4155	4156	0	-1	2	147
80	4158	4157	4159	1	-1	3	148
81	4154	4154	4155	0	-1	2	147
82	4154	4152	4154	2	0	3	146
83	4155	4155	4156	0	-1	2	148
84	4158	4157	4159	1	-1	3	147
85	4156	4157	4158	-1	-2	2	147
86	4157	4157	4159	0	-2	3	148
87	4156	4156	4157	0	-1	2	146
88	4158	4157	4159	1	-1	3	147
89	4162	4156	4162	6	0	4	147
90	4158	4157	4159	1	-1	3	146
91	4156	4155	4156	1	0	2	147
92	4158	4157	4159	1	-1	3	148
93	4158	4157	4158	1	0	2	147
94	4159	4157	4161	2	-2	4	147
95	4152	4151	4153	1	-1	3	148
96	4155	4153	4155	2	0	3	147
97	4162	4153	4163	9	-1	5	153
98	4150	4149	4151	1	-1	3	146
99	4142	4142	4143	0	-1	2	147
100	4143	4142	4145	1	-2	3	147
101	4139	4139	4141	0	-2	2	148
102	4139	4138	4140	1	-1	3	146
103	4137	4137	4138	0	-1	2	146
104	4139	4137	4139	2	0	3	146
105	4137	4137	4138	0	-1	2	145
106	4140	4138	4141	2	-1	4	147
107	4137	4137	4138	0	-1	2	147
108	4139	4138	4140	1	-1	3	148
109	4149	4139	4148	10	1	4	153
110	4139	4138	4141	1	-2	4	148
111	4137	4137	4138	0	-1	2	147
112	4139	4138	4141	1	-2	3	148
113	4141	4142	4143	-1	-2	2	146
114	4141	4141	4142	0	-1	2	146
115	4142	4142	4144	0	-2	2	147
116	4156	4156	4158	0	-2	2	148
117	4155	4154	4156	1	-1	2	146
118	4156	4155	4158	1	-2	3	146
119	4156	4156	4157	0	-1	2	147
120	4156	4156	4157	0	-1	2	146
121	4162	4153	4163	9	-1	4	154
122	4153	4153	4155	0	-2	3	147
123	4156	4156	4158	0	-2	3	149
124	4162	4155	4161	7	1	3	148
125	4156	4156	4158	0	-2	2	147
126	4156	4156	4158	0	-2	2	148
127	4158	4158	4160	0	-2	3	148
128	4155	4155	4156	0	-1	2	146
129	4158	4157	4159	1	-1	3	145
130	4157	4155	4158	2	-1	4	146
131	4158	4157	4159	1	-1	3	148
132	4156	4156	4157	0	-1	2	147
133	4166	4157	4167	9	-1	5	153
134	4151	4151	4153	0	-2	2	147
135	4157	4156	4159	1	-2	3	146
136	4162	4156	4163	6	-1	4	148
137	4157	4157	4159	0	-2	3	146
138	4156	4156	4157	0	-1	2	148
139	4159	4158	4160	1	-1	3	149
140	4156	4156	4157	0	-1	2	147
141	4157	4157	4159	0	-2	3	147
142	4157	4156	4158	1	-1	3	149
143	4158	4157	4159	1	-1	3	147
144	4156	4156	4157	0	-1	2	146
145	4166	4159	4167	7	-1	5	152
146	4151	4151	4152	0	-1	2	145
147	4158	4157	4160	1	-2	3	147
148	4162	4154	4160	8	2	3	147
149	4157	4156	4158	1	-1	3	146
150	4300	4163	4301	137	-1	4	147
151	4159	4157	4159	2	0	3	149
152	4156	4156	4157	0	-1	2	146
153	4158	4157	4160	1	-2	3	148
154	4156	4156	4158	0	-2	2	148
155	4158	4157	4159	1	-1	3	147
156	4156	4156	4157	0	-1	2	147
157	4164	4156	4165	8	-1	6	152
158	4154	4155	4156	-1	-2	2	147
159	4158	4157	4159	1	-1	3	147
160	4164	4156	4165	8	-1	4	148
161	4158	4157	4159	1	-1	3	146
162	4156	4156	4157	0	-1	2	147
163	4157	4157	4159	0	-2	3	147
164	4155	4155	4156	0	-1	2	146
165	4159	4157	4160	2	-1	4	147
166	4170	4158	4170	12	0	5	150
167	4157	4156	4159	1	-2	4	147
168	4153	4153	4154	0	-1	2	147
169	4154	4153	4155	1	-1	3	149
170	4156	4156	4157	0	-1	2	147
171	4158	4157	4159	1	-1	3	149
172	4162	4155	4162	7	0	4	146
173	4158	4156	4158	2	0	3	146
174	4154	4155	4156	-1	-2	2	147
175	4157	4156	4158	1	-1	3	148
176	4155	4155	4156	0	-1	2	146
177	4159	4157	4160	2	-1	4	146
178	4155	4154	4155	1	0	2	146
179	4153	4153	4154	0	-1	2	145
180	4162	4156	4163	6	-1	5	153
181	4155	4155	4156	0	-1	2	147
182	4155	4155	4156	0	-1	2	148
183	4156	4156	4157	0	-1	2	147
184	4156	4156	4157	0	-1	2	148
185	4156	4156	4157	0	-1	2	147
186	4156	4156	4157	0	-1	2	148
187	4156	4156	4156	0	0	1	146
188	4155	4155	4157	0	-2	2	145
189	4156	4155	4157	1	-1	3	146
190	4154	4154	4155	0	-1	2	148
191	4151	4152	4153	-1	-2	2	147
192	4169	4159	4169	10	0	5	153
193	4156	4156	4157	0	-1	2	147
194	4158	4157	4159	1	-1	3	146
195	4162	4156	4162	6	0	3	147
196	4158	4157	4159	1	-1	3	146
197	4156	4156	4157	0	-1	2	149
198	4413	4209	4414	204	-1	4	150
199	4353	4218	4353	135	0	5	148
200	4158	4157	4160	1	-2	3	147
201	4153	4151	4155	2	-2	4	149
202	4155	4154	4157	1	-2	4	147
203	4156	4156	4157	0	-1	2	146
204	4168	4162	4170	6	-2	5	155
205	4298	4162	4300	136	-2	4	145
206	4158	4156	4158	2	0	3	146
207	4162	4155	4163	7	-1	4	147
208	4158	4157	4159	1	-1	3	146
209	4156	4155	4157	1	-1	2	147
210	4158	4157	4160	1	-2	3	149
211	4154	4154	4156	0	-2	2	146
212	4154	4153	4155	1	-1	3	147
213	4157	4157	4158	0	-1	2	149
214	4158	4156	4158	2	0	3	148
215	4155	4155	4157	0	-2	3	147
216	4168	4164	4170	4	-2	5	152
217	4155	4155	4156	0	-1	2	147
218	4158	4157	4160	1	-2	3	147
219	4162	4156	4163	6	-1	4	148
220	4159	4157	4158	2	1	2	146
221	4156	4156	4157	0	-1	2	147
222	4154	4152	4154	2	0	3	147
223	4154	4154	4155	0	-1	2	146
224	4158	4157	4160	1	-2	4	147
225	4410	4231	4404	179	6	47	400
226	4158	4157	4159	1	-1	3	148
227	4155	4156	4157	-1	-2	2	147
228	4158	4156	4158	2	0	3	148
229	4156	4156	4157	0	-1	2	147
230	4156	4155	4157	1	-1	2	148
231	4163	4155	4161	8	2	3	146
232	4156	4155	4155	1	1	1	146
233	4155	4156	4157	-1	-2	2	147
234	4153	4152	4153	1	0	2	148
235	4151	4151	4152	0	-1	2	147
236	4152	4151	4154	1	-2	3	147
237	4154	4154	4155	0	-1	2	147
238	4156	4155	4156	1	0	2	146
239	4258	4171	4258	87	0	7	154
240	4280	4174	4279	106	1	3	148
241	4158	4157	4159	1	-1	3	149
242	4162	4157	4162	5	0	2	148
243	4158	4157	4159	1	-1	3	147
244	4155	4155	4156	0	-1	2	148
245	4158	4157	4159	1	-1	3	149
246	4156	4156	4157	0	-1	2	147
247	4158	4156	4159	2	-1	3	146
248	4157	4154	4159	3	-2	5	146
249	4157	4156	4159	1	-2	4	145
250	4156	4156	4157	0	-1	2	147
251	4168	4161	4169	7	-1	5	153
252	4156	4155	4157	1	-1	2	146
253	4157	4156	4158	1	-1	3	147
254	4162	4155	4162	7	0	4	148
255	4158	4157	4159	1	-1	3	145
256	4156	4156	4157	0	-1	2	148
257	4157	4156	4159	1	-2	3	149
258	4151	4151	4152	0	-1	2	148
259	4154	4152	4153	2	1	2	147
260	4155	4154	4156	1	-1	3	149
261	4302	4167	4302	135	0	5	147
262	4155	4154	4155	1	0	2	146
263	4169	4162	4170	7	-1	5	154
264	4155	4155	4157	0	-2	2	145
265	4158	4157	4159	1	-1	3	146
266	4161	4154	4162	7	-1	4	147
267	4158	4157	4159	1	-1	3	146
268	4155	4155	4157	0	-2	3	147
269	4158	4157	4159	1	-1	3	149
270	4155	4155	4156	0	-1	2	146
271	4158	4157	4159	1	-1	3	147
272	4156	4156	4157	0	-1	2	148
273	4158	4157	4159	1	-1	3	147
274	4156	4156	4157	0	-1	2	146
275	4169	4157	4170	12	-1	7	154
276	4156	4156	4157	0	-1	2	147
277	4158	4157	4159	1	-1	3	147
278	4162	4156	4162	6	0	4	148
279	4154	4153	4155	1	-1	3	146
280	4151	4151	4152	0	-1	2	147
281	4155	4155	4157	0	-2	3	147
282	4155	4155	4156	0	-1	2	146
283	4159	4157	4160	2	-1	4	147
284	4171	4166	4172	5	-1	5	150
285	4159	4158	4160	1	-1	3	147
286	4156	4156	4157	0	-1	2	147
287	4169	4159	4170	10	-1	6	154
288	4156	4155	4157	1	-1	3	147
289	4158	4157	4159	1	-1	3	147
290	4162	4156	4163	6	-1	4	146
291	4158	4157	4159	1	-1	3	147
292	4156	4156	4157	0	-1	2	147
293	4158	4157	4159	1	-1	3	148
294	4155	4155	4156	0	-1	2	146
295	4159	4156	4158	3	1	3	146
296	4155	4155	4157	0	-2	2	146
297	4157	4156	4158	1	-1	3	145
298	4153	4153	4154	0	-1	2	147
299	4162	4155	4163	7	-1	5	153
300	4153	4153	4154	0	-1	2	148
301	4156	4156	4157	0	-1	2	147
302	4164	4158	4164	6	0	4	148
303	4156	4156	4158	0	-2	2	148
304	4156	4155	4157	1	-1	3	148
305	4156	4156	4157	0	-1	2	147
306	4156	4156	4157	0	-1	2	145
307	4157	4156	4158	1	-1	3	146
308	4156	4156	4157	0	-1	2	148
309	4156	4156	4158	0	-2	2	147
310	4158	4157	4159	1	-1	3	147
311	4156	4156	4158	0	-2	2	147
312	4158	4157	4159	1	-1	3	146
313	4156	4154	4155	2	1	2	147
314	4163	4155	4164	8	-1	5	146
315	4155	4155	4156	0	-1	2	149
316	4299	4162	4298	137	1	5	148
317	4151	4151	4152	0	-1	2	147
318	4154	4153	4155	1	-1	3	148
319	4157	4156	4158	1	-1	3	149
320	4157	4156	4158	1	-1	3	147
321	4155	4155	4156	0	-1	2	146
322	4168	4159	4169	9	-1	5	152
323	4154	4154	4155	0	-1	2	145
324	4157	4156	4159	1	-2	4	147
325	4155	4155	4156	0	-1	2	147
326	4157	4156	4158	1	-1	3	146
327	4168	4155	4156	13	12	2	147
328	4158	4157	4159	1	-1	3	148
329	4154	4154	4155	0	-1	2	145
330	4153	4152	4154	1	-1	3	148
331	4151	4149	4152	2	-1	4	149
332	4144	4142	4144	2	0	3	147
333	4142	4142	4143	0	-1	2	147
334	4156	4148	4156	8	0	5	155
335	4142	4142	4143	0	-1	2	147
336	4144	4143	4145	1	-1	3	146
337	4148	4144	4149	4	-1	3	146
338	4144	4143	4145	1	-1	3	145
339	4142	4143	4144	-1	-2	2	147
340	4144	4143	4145	1	-1	3	147
341	4138	4137	4138	1	0	2	146
342	4139	4138	4140	1	-1	3	147
343	4140	4139	4141	1	-1	3	149
344	4139	4138	4141	1	-2	3	146
345	4138	4138	4139	0	-1	2	147
346	4150	4142	4151	8	-1	5	154
347	4138	4137	4138	1	0	2	147
348	4140	4139	4141	1	-1	3	146
349	4144	4137	4145	7	-1	4	148
350	4140	4139	4141	1	-1	3	147
351	4137	4137	4138	0	-1	2	146
352	4140	4139	4141	1	-1	3	148
353	4152	4152	4153	0	-1	2	145
354	4158	4157	4159	1	-1	3	146
355	4156	4156	4157	0	-1	2	147
356	4158	4157	4159	1	-1	3	146
357	4156	4157	4158	-1	-2	2	147
358	4169	4159	4171	10	-2	6	155
359	4156	4156	4158	0	-2	2	147
360	4158	4157	4160	1	-2	3	147
361	4163	4156	4163	7	0	3	148
362	4158	4157	4159	1	-1	3	147
363	4155	4155	4157	0	-2	2	147
364	4158	4157	4159	1	-1	3	146
365	4151	4151	4153	0	-2	2	147
366	4154	4152	4156	2	-2	5	147
367	4156	4154	4157	2	-1	4	148
368	4158	4156	4158	2	0	3	146
369	4155	4155	4156	0	-1	2	147
370	4168	4159	4169	9	-1	7	153
371	4155	4155	4156	0	-1	2	146
372	4300	4167	4302	133	-2	5	147
373	4162	4158	4163	4	-1	4	147
374	4158	4157	4159	1	-1	3	148
375	4156	4155	4156	1	0	2	147
376	4156	4156	4158	0	-2	2	148
377	4156	4156	4157	0	-1	2	147
378	4157	4156	4159	1	-2	3	148
379	4155	4155	4157	0	-2	2	147
380	4150	4150	4151	0	-1	2	145
381	4153	4154	4155	-1	-2	2	146
382	4167	4158	4168	9	-1	4	154
383	4158	4157	4159	1	-1	3	147
384	4156	4156	4156	0	0	1	147
385	4164	4156	4163	8	1	5	147
386	4156	4156	4157	0	-1	2	146
387	4158	4157	4160	1	-2	3	147
388	4155	4155	4156	0	-1	2	146
389	4158	4158	4160	0	-2	3	149
390	4157	4156	4158	1	-1	3	148
391	4158	4157	4159	1	-1	3	147
392	4156	4156	4157	0	-1	2	148
393	4158	4156	4159	2	-1	3	149
394	4151	4151	4153	0	-2	2	147
395	4154	4153	4156	1	-2	3	146
396	4155	4155	4156	0	-1	2	146
397	4157	4156	4158	1	-1	3	145
398	4155	4155	4156	0	-1	2	147
399	4158	4156	4158	2	0	3	147
400	4155	4155	4156	0	-1	2	146
401	4157	4156	4158	1	-1	3	147
402	4408	4232	4400	176	8	46	382
403	4157	4156	4159	1	-2	3	146
404	4156	4156	4158	0	-2	2	147
405	4169	4162	4171	7	-2	5	154
406	4155	4155	4157	0	-2	3	147
407	4156	4155	4158	1	-2	3	146
408	4158	4153	4159	5	-1	4	148
409	4158	4157	4159	1	-1	3	147
410	4156	4156	4157	0	-1	2	146
411	4158	4157	4159	1	-1	3	148
412	4156	4156	4157	0	-1	2	146
413	4158	4157	4159	1	-1	3	147
414	4181	4160	4181	21	0	10	167
415	4158	4156	4158	2	0	3	146
416	4156	4156	4157	0	-1	2	147
417	4168	4160	4169	8	-1	7	154
418	4156	4156	4157	0	-1	2	147
419	4158	4157	4159	1	-1	3	147
420	4161	4155	4161	6	0	4	148
421	4153	4152	4154	1	-1	3	147
422	4154	4154	4155	0	-1	2	147
423	4157	4156	4159	1	-2	4	146
424	4155	4155	4156	0	-1	2	147
425	4159	4157	4160	2	-1	4	147
426	4156	4155	4158	1	-2	3	148
427	4301	4166	4303	135	-2	5	146
428	4156	4155	4155	1	1	1	146
429	4169	4160	4169	9	0	6	152
430	4156	4156	4157	0	-1	2	145
431	4158	4156	4159	2	-1	3	147
432	4162	4155	4163	7	-1	4	147
433	4156	4155	4158	1	-2	3	148
434	4151	4151	4152	0	-1	2	147
435	4158	4156	4158	2	0	3	148
436	4155	4155	4156	0	-1	2	147
437	4157	4155	4158	2	-1	4	148
438	4155	4155	4157	0	-2	3	146
439	4155	4156	4157	-1	-2	2	146
440	4155	4155	4157	0	-2	3	147
441	4166	4160	4168	6	-2	5	154
442	4155	4155	4157	0	-2	3	146
443	4156	4155	4155	1	1	1	147
444	4161	4155	4163	6	-2	4	147
445	4156	4156	4157	0	-1	2	146
446	4151	4151	4153	0	-2	2	147
447	4152	4152	4153	0	-1	2	146
448	4156	4156	4157	0	-1	2	149
449	4157	4156	4158	1	-1	3	148
450	4158	4157	4159	1	-1	3	147
451	4156	4156	4157	0	-1	2	148
452	4158	4157	4159	1	-1	3	148
453	4166	4158	4167	8	-1	4	152
454	4157	4156	4159	1	-2	3	145
455	4155	4155	4157	0	-2	2	146
456	4164	4155	4164	9	0	5	148
457	4155	4156	4157	-1	-2	2	147
458	4156	4154	4156	2	0	3	147
459	4151	4151	4153	0	-2	2	147
460	4157	4157	4159	0	-2	3	146
461	4157	4156	4158	1	-1	3	147
462	4158	4157	4159	1	-1	3	146
463	4156	4155	4156	1	0	2	149
464	4158	4157	4159	1	-1	3	149
465	4166	4160	4168	6	-2	5	153
466	4157	4157	4159	0	-2	3	147
467	4156	4156	4157	0	-1	2	149
468	4164	4158	4165	6	-1	5	147
469	4155	4155	4156	0	-1	2	146
470	4154	4153	4155	1	-1	3	146
471	4151	4150	4151	1	0	2	145
472	4158	4157	4159	1	-1	3	147
473	4157	4156	4158	1	-1	3	147
474	4157	4156	4158	1	-1	3	146
475	4156	4156	4157	0	-1	2	147
476	4158	4157	4159	1	-1	3	148
477	4155	4155	4156	0	-1	2	145
478	4158	4157	4159	1	-1	3	148
479	4156	4156	4157	0	-1	2	149
480	4164	4159	4166	5	-2	5	148
481	4156	4156	4157	0	-1	2	147
482	4154	4152	4154	2	0	3	148
483	4297	4162	4299	135	-2	4	147
484	4158	4156	4158	2	0	3	146
485	4156	4156	4158	0	-2	3	148
486	4157	4156	4159	1	-2	3	145
487	4155	4154	4155	1	0	2	146
488	4168	4157	4170	11	-2	5	153
489	4155	4155	4156	0	-1	2	146
490	4157	4156	4158	1	-1	3	147
491	4155	4156	4157	-1	-2	2	149
492	4157	4156	4159	1	-2	3	147
493	4153	4153	4154	0	-1	2	148
494	4154	4153	4155	1	-1	3	148
495	4155	4155	4156	0	-1	2	147
496	4159	4157	4161	2	-2	4	147
497	4156	4156	4157	0	-1	2	146
498	4157	4157	4159	0	-2	3	147
499	4156	4156	4158	0	-2	2	147
500	4169	4160	4170	9	-1	5	154
501	4156	4156	4157	0	-1	2	146
502	4158	4157	4159	1	-1	3	147
503	4161	4155	4163	6	-2	4	147
504	4155	4154	4156	1	-1	3	146
505	4151	4151	4153	0	-2	2	147
506	4158	4157	4159	1	-1	3	148
507	4156	4156	4157	0	-1	2	147
508	4159	4157	4160	2	-1	4	148
509	4156	4156	4157	0	-1	2	149
510	4158	4157	4159	1	-1	3	147
511	4156	4156	4157	0	-1	2	148
512	4168	4157	4168	11	0	6	152
513	4155	4155	4156	0	-1	2	146
514	4157	4157	4159	0	-2	3	147
515	4160	4153	4160	7	0	4	148
516	4154	4152	4154	2	0	3	146
517	4155	4155	4157	0	-2	3	146
518	4157	4156	4159	1	-2	4	146
519	4155	4155	4156	0	-1	2	145
520	4157	4156	4158	1	-1	3	148
521	4155	4156	4157	-1	-2	2	147
522	4156	4155	4156	1	0	2	148
523	4156	4156	4157	0	-1	2	148
524	4167	4159	4169	8	-2	4	154
525	4156	4156	4158	0	-2	2	148
526	4153	4152	4153	1	0	2	148
527	4159	4153	4160	6	-1	4	146
528	4156	4155	4156	1	0	2	145
529	4156	4155	4156	1	0	2	146
530	4155	4156	4157	-1	-2	2	148
531	4156	4156	4157	0	-1	2	147
532	4156	4156	4158	0	-2	3	147
533	4155	4155	4157	0	-2	2	147
534	4155	4155	4157	0	-2	3	146
535	4156	4156	4158	0	-2	2	147
536	4166	4161	4168	5	-2	5	152
537	4154	4152	4155	2	-1	3	149
538	4156	4156	4157	0	-1	2	148
539	4301	4164	4302	137	-1	7	147
540	4155	4155	4156	0	-1	2	148
541	4152	4151	4154	1	-2	3	149
542	4140	4140	4141	0	-1	2	147
543	4140	4139	4141	1	-1	3	146
544	4139	4138	4140	1	-1	3	146
545	4140	4139	4141	1	-1	3	145
546	4137	4137	4139	0	-2	2	147
547	4139	4138	4141	1	-2	4	147
548	4148	4139	4149	9	-1	5	152
549	4140	4139	4141	1	-1	3	147
550	4138	4138	4139	0	-1	2	148
551	4152	4145	4153	7	-1	5	145
552	4142	4143	4144	-1	-2	2	148
553	4145	4144	4146	1	-1	3	149
554	4142	4141	4143	1	-1	3	147
555	4144	4143	4145	1	-1	3	147
556	4158	4157	4159	1	-1	3	149
557	4156	4155	4157	1	-1	3	147
558	4151	4151	4152	0	-1	2	146
559	4157	4157	4159	0	-2	3	146
560	4166	4158	4167	8	-1	5	151
561	4158	4157	4159	1	-1	3	147
562	4156	4156	4157	0	-1	2	148
563	4163	4156	4165	7	-2	5	146
564	4156	4155	4156	1	0	2	147
565	4158	4158	4160	0	-2	3	149
566	4155	4155	4156	0	-1	2	146
567	4156	4155	4157	1	-1	3	147
568	4152	4150	4152	2	0	3	148
569	4158	4157	4159	1	-1	3	147
570	4155	4155	4156	0	-1	2	146
571	4158	4156	4159	2	-1	3	148
572	4156	4156	4157	0	-1	2	147
573	4158	4157	4159	1	-1	3	146
574	4156	4156	4157	0	-1	2	148
575	4164	4157	4165	7	-1	5	146
576	4156	4156	4157	0	-1	2	147
577	4155	4154	4157	1	-2	3	147
578	4151	4150	4153	1	-2	4	146
579	4158	4156	4159	2	-1	4	147
580	4410	4242	4402	168	8	44	400
581	4158	4157	4159	1	-1	3	147
582	4156	4156	4157	0	-1	2	147
583	4169	4162	4171	7	-2	5	155
584	4156	4156	4157	0	-1	2	147
585	4158	4157	4159	1	-1	3	148
586	4162	4156	4162	6	0	3	146
587	4153	4152	4154	1	-1	3	146
588	4154	4153	4154	1	0	2	147
589	4158	4157	4159	1	-1	3	148
590	4156	4156	4157	0	-1	2	146
591	4159	4155	4160	4	-1	5	146
592	4156	4156	4157	0	-1	2	146
593	4156	4156	4157	0	-1	2	145
594	4299	4165	4301	134	-2	4	148
595	4166	4158	4168	8	-2	4	152
596	4156	4156	4158	0	-2	2	149
597	4152	4152	4153	0	-1	2	148
598	4162	4155	4163	7	-1	4	147
599	4156	4156	4157	0	-1	2	148
600	4158	4156	4158	2	0	3	148
601	4155	4155	4156	0	-1	2	146
602	4157	4156	4158	1	-1	3	145
603	4157	4156	4158	1	-1	3	146
604	4158	4155	4158	3	0	4	148
605	4156	4156	4157	0	-1	2	147
606	4155	4154	4156	1	-1	3	147
607	4164	4155	4165	9	-1	5	153
608	4158	4155	4158	3	0	4	147
609	4156	4156	4157	0	-1	2	148
610	4163	4156	4165	7	-2	5	145
611	4156	4156	4158	0	-2	3	148
612	4158	4157	4159	1	-1	3	149
613	4155	4155	4156	0	-1	2	147
614	4158	4156	4158	2	0	3	147
615	4157	4156	4158	1	-1	3	149
616	4153	4152	4154	1	-1	3	147
617	4155	4155	4156	0	-1	2	146
618	4158	4157	4159	1	-1	3	146
619	4166	4158	4167	8	-1	5	151
620	4158	4157	4160	1	-2	3	147
621	4156	4156	4157	0	-1	2	148
622	4164	4157	4164	7	0	5	146
623	4155	4155	4157	0	-2	3	147
624	4158	4157	4159	1	-1	3	149
625	4151	4151	4153	0	-2	3	146
626	4157	4156	4159	1	-2	4	147
627	4156	4156	4157	0	-1	2	148
628	4157	4156	4158	1	-1	3	147
629	4156	4156	4157	0	-1	2	146
630	4158	4157	4160	1	-2	3	148
631	4167	4158	4168	9	-1	6	153
632	4157	4156	4158	1	-1	3	146
633	4156	4156	4157	0	-1	2	148
634	4161	4154	4159	7	2	4	145
635	4154	4154	4156	0	-2	3	147
636	4158	4157	4159	1	-1	3	147
637	4155	4156	4157	-1	-2	2	146
638	4159	4157	4160	2	-1	4	147
639	4171	4154	4172	17	-1	5	150
640	4158	4157	4159	1	-1	3	147
641	4156	4156	4157	0	-1	2	147
642	4157	4156	4158	1	-1	3	148
643	4151	4151	4152	0	-1	2	147
644	4158	4157	4159	1	-1	3	147
645	4155	4155	4156	0	-1	2	146
646	4157	4156	4158	1	-1	3	147
647	4155	4155	4157	0	-2	2	147
648	4157	4157	4159	0	-2	3	148
649	4155	4155	4157	0	-2	3	146
650	4158	4156	4160	2	-2	4	146
651	4153	4153	4154	0	-1	2	146
652	4155	4154	4156	1	-1	3	145
653	4155	4155	4156	0	-1	2	147
654	4167	4159	4168	8	-1	4	153
655	4156	4156	4157	0	-1	2	149
656	4156	4155	4157	1	-1	3	148
657	4162	4155	4163	7	-1	4	148
658	4156	4155	4157	1	-1	3	148
659	4156	4156	4157	0	-1	2	148
660	4151	4151	4153	0	-2	3	146
661	4155	4155	4156	0	-1	2	145
662	4157	4156	4158	1	-1	3	146
663	4158	4156	4159	2	-1	3	148
664	4155	4155	4157	0	-2	3	147
665	4158	4158	4160	0	-2	3	147
666	4166	4159	4167	7	-1	5	153
667	4158	4157	4160	1	-2	3	147
668	4153	4153	4154	0	-1	2	148
669	4161	4154	4163	7	-2	5	146
670	4156	4156	4157	0	-1	2	148
671	4159	4156	4158	3	1	3	149
672	4155	4155	4156	0	-1	2	147
673	4158	4157	4159	1	-1	3	147
674	4157	4156	4159	1	-2	3	149
675	4158	4157	4159	1	-1	3	147
676	4155	4155	4156	0	-1	2	146
677	4154	4153	4155	1	-1	3	146
678	4166	4160	4167	6	-1	5	151
679	4158	4156	4158	2	0	3	147
680	4156	4155	4156	1	0	2	147
681	4164	4156	4164	8	0	4	146
682	4156	4156	4157	0	-1	2	147
683	4159	4157	4159	2	0	3	148
684	4156	4155	4156	1	0	2	145
685	4154	4153	4155	1	-1	3	148
686	4157	4155	4158	2	-1	4	149
687	4158	4156	4158	2	0	3	147
688	4156	4155	4156	1	0	2	146
689	4158	4157	4160	1	-2	3	148
690	4167	4160	4168	7	-1	5	153
691	4157	4156	4158	1	-1	3	146
692	4157	4157	4158	0	-1	2	148
693	4162	4155	4162	7	0	5	145
694	4146	4146	4148	0	-2	2	146
695	4144	4143	4145	1	-1	3	147
696	4142	4141	4143	1	-1	2	146
697	4140	4139	4142	1	-2	4	147
698	4138	4138	4140	0	-2	2	149
699	4140	4138	4140	2	0	3	146
700	4138	4138	4139	0	-1	2	147
701	4140	4139	4141	1	-1	3	148
702	4149	4143	4150	6	-1	5	154
703	4140	4140	4142	0	-2	3	147
704	4139	4140	4141	-1	-2	2	148
705	4302	4160	4303	142	-1	7	147
706	4156	4156	4157	0	-1	2	147
707	4158	4156	4159	2	-1	4	148
708	4156	4156	4157	0	-1	2	146
709	4158	4156	4159	2	-1	4	147
710	4153	4153	4155	0	-2	3	147
711	4157	4156	4158	1	-1	3	146
712	4156	4156	4157	0	-1	2	147
713	4158	4157	4159	1	-1	3	148
714	4167	4157	4168	10	-1	5	153
715	4157	4156	4158	1	-1	3	147
716	4156	4156	4157	0	-1	2	148
717	4163	4156	4164	7	-1	5	147
718	4151	4151	4152	0	-1	2	147
719	4158	4156	4157	2	1	2	146
720	4156	4155	4156	1	0	2	147
721	4159	4157	4160	2	-1	4	147
722	4156	4156	4157	0	-1	2	148
723	4157	4156	4159	1	-2	3	146
724	4156	4156	4157	0	-1	2	146
725	4157	4156	4158	1	-1	3	146
726	4152	4151	4152	1	0	2	145
727	4158	4157	4159	1	-1	3	147
728	4156	4156	4158	0	-2	2	147
729	4164	4158	4164	6	0	5	148
730	4156	4156	4156	0	0	1	147
731	4157	4156	4159	1	-2	3	148
732	4155	4155	4156	0	-1	2	147
733	4155	4154	4157	1	-2	3	148
734	4152	4152	4153	0	-1	2	146
735	4155	4155	4156	0	-1	2	146
736	4156	4156	4157	0	-1	2	147
737	4155	4155	4156	0	-1	2	148
738	4155	4155	4156	0	-1	2	147
739	4155	4155	4156	0	-1	2	147
740	4156	4156	4157	0	-1	2	147
741	4154	4154	4155	0	-1	2	146
742	4152	4152	4153	0	-1	2	147
743	4156	4156	4157	0	-1	2	146
744	4156	4155	4155	1	1	1	149
745	4156	4155	4157	1	-1	3	148
746	4157	4156	4158	1	-1	3	147
747	4156	4155	4157	1	-1	3	148
748	4157	4156	4159	1	-2	4	148
749	4164	4152	4164	12	0	5	152
750	4155	4154	4156	1	-1	3	145
751	4156	4156	4157	0	-1	2	146
752	4164	4158	4164	6	0	5	148
753	4156	4156	4157	0	-1	2	147
754	4158	4157	4159	1	-1	3	147
755	4156	4156	4157	0	-1	2	147
756	4158	4157	4159	1	-1	3	147
757	4255	4196	4253	59	2	36	282
758	4270	4175	4270	95	0	18	202
759	4156	4156	4157	0	-1	2	148
760	4159	4158	4160	1	-1	3	149
761	4310	4174	4311	136	-1	6	154
762	4157	4156	4158	1	-1	3	146
763	4156	4156	4157	0	-1	2	148
764	4164	4157	4165	7	-1	5	147
765	4151	4151	4152	0	-1	2	146
766	4158	4157	4159	1	-1	3	148
767	4155	4155	4156	0	-1	2	145
768	4158	4156	4158	2	0	3	146
769	4156	4156	4157	0	-1	2	147
770	4158	4157	4159	1	-1	3	146
771	4156	4155	4156	1	0	2	147
772	4157	4156	4158	1	-1	3	149
773	4163	4157	4164	6	-1	3	152
774	4157	4157	4159	0	-2	3	147
775	4156	4155	4156	1	0	2	148
776	4165	4156	4165	9	0	5	148
777	4156	4156	4157	0	-1	2	147
778	4158	4157	4159	1	-1	3	146
779	4155	4155	4157	0	-2	2	147
780	4156	4154	4157	2	-1	4	147
781	4155	4155	4156	0	-1	2	148
782	4159	4157	4160	2	-1	3	146
783	4156	4155	4156	1	0	2	147
784	4158	4157	4159	1	-1	3	147
785	4167	4161	4167	6	0	4	152
786	4158	4157	4159	1	-1	3	147
787	4156	4156	4157	0	-1	2	148
788	4160	4153	4160	7	0	5	147
789	4156	4156	4157	0	-1	2	147
790	4158	4157	4159	1	-1	3	148
791	4156	4156	4157	0	-1	2	147
792	4159	4157	4160	2	-1	4	147
793	4156	4155	4155	1	1	1	146
794	4157	4156	4158	1	-1	3	147
795	4154	4154	4155	0	-1	2	147
796	4156	4155	4157	1	-1	3	148
797	4166	4159	4166	7	0	5	152
798	4158	4157	4159	1	-1	3	146
799	4156	4155	4156	1	0	2	146
800	4163	4157	4163	6	0	4	145
801	4156	4155	4157	1	-1	2	147
802	4158	4156	4158	2	0	3	147
803	4151	4151	4152	0	-1	2	148
804	4158	4156	4159	2	-1	4	147
805	4156	4156	4157	0	-1	2	148
806	4158	4157	4159	1	-1	3	147
807	4156	4156	4157	0	-1	2	148
808	4157	4156	4158	1	-1	3	146
809	4167	4158	4169	9	-2	4	152
810	4154	4154	4156	0	-2	3	147
811	4154	4154	4155	0	-1	2	148
812	4161	4156	4162	5	-1	5	146
813	4156	4156	4157	0	-1	2	146
814	4156	4155	4156	1	0	2	147
815	4156	4156	4157	0	-1	2	146
816	4301	4164	4302	137	-1	6	147
817	4156	4156	4157	0	-1	2	146
818	4151	4151	4153	0	-2	3	149
819	4155	4156	4157	-1	-2	2	148
820	4155	4155	4156	0	-1	2	147
821	4157	4156	4159	1	-2	3	148
822	4155	4155	4156	0	-1	2	148
823	4152	4150	4152	2	0	3	146
824	4142	4141	4142	1	0	2	145
825	4144	4143	4145	1	-1	3	146
826	4142	4141	4142	1	0	2	148
827	4141	4140	4142	1	-1	3	147
828	4138	4137	4139	1	-1	3	147
829	4139	4138	4140	1	-1	3	146
830	4137	4137	4138	0	-1	2	147
831	4139	4138	4140	1	-1	3	148
832	4148	4141	4149	7	-1	5	151
833	4149	4149	4151	0	-2	3	148
834	4157	4157	4158	0	-1	2	149
835	4164	4158	4165	6	-1	5	147
836	4156	4156	4157	0	-1	2	147
837	4158	4157	4159	1	-1	3	149
838	4156	4154	4156	2	0	3	147
839	4158	4156	4158	2	0	3	146
840	4152	4152	4154	0	-2	3	149
841	4157	4156	4158	1	-1	3	145
842	4155	4155	4156	0	-1	2	146
843	4158	4157	4159	1	-1	3	147
844	4166	4158	4166	8	0	5	152
845	4159	4157	4159	2	0	3	147
846	4156	4155	4156	1	0	2	149
847	4162	4154	4161	8	1	4	146
848	4154	4154	4155	0	-1	2	147
849	4158	4157	4159	1	-1	3	148
850	4155	4155	4157	0	-2	3	147
851	4157	4156	4159	1	-2	3	146
852	4156	4156	4158	0	-2	2	148
853	4158	4157	4159	1	-1	3	147
854	4155	4154	4155	1	0	2	147
855	4155	4154	4156	1	-1	3	148
856	4166	4157	4168	9	-2	6	152
857	4158	4157	4159	1	-1	3	147
858	4156	4156	4157	0	-1	2	147
859	4164	4156	4166	8	-2	5	146
860	4156	4156	4157	0	-1	2	147
861	4158	4157	4160	1	-2	3	148
862	4151	4151	4152	0	-1	2	147
863	4159	4157	4160	2	-1	4	147
864	4156	4156	4157	0	-1	2	149
865	4157	4157	4159	0	-2	3	147
866	4156	4156	4157	0	-1	2	149
867	4157	4156	4158	1	-1	3	146
868	4167	4159	4168	8	-1	6	152
869	4154	4153	4154	1	0	2	147
870	4154	4154	4156	0	-2	2	148
871	4164	4157	4164	7	0	5	146
872	4299	4165	4300	134	-1	4	146
873	4156	4156	4157	0	-1	2	147
874	4156	4155	4155	1	1	1	146
875	4170	4159	4172	11	-2	6	149
876	4154	4154	4155	0	-1	2	146
877	4154	4154	4156	0	-2	2	149
878	4157	4156	4157	1	0	2	148
879	4155	4155	4157	0	-2	2	147
880	4166	4160	4167	6	-1	4	151
881	4156	4156	4157	0	-1	2	148
882	4158	4157	4159	1	-1	3	146
883	4153	4153	4154	0	-1	2	146
884	4154	4154	4156	0	-2	3	146
885	4155	4155	4156	0	-1	2	145
886	4157	4156	4159	1	-2	3	147
887	4156	4155	4158	1	-2	3	147
888	4157	4156	4158	1	-1	3	146
889	4155	4155	4156	0	-1	2	147
890	4156	4155	4157	1	-1	3	148
891	4163	4154	4164	9	-1	4	152
892	4159	4157	4159	2	0	3	148
893	4156	4155	4156	1	0	2	148
894	4164	4158	4165	6	-1	5	147
895	4155	4155	4156	0	-1	2	146
896	4158	4157	4159	1	-1	3	148
897	4155	4155	4157	0	-2	2	147
898	4154	4153	4155	1	-1	3	146
899	4156	4155	4157	1	-1	3	148
900	4158	4156	4159	2	-1	3	145
901	4156	4155	4155	1	1	1	146
902	4158	4156	4159	2	-1	3	147
903	4166	4158	4166	8	0	4	152
904	4158	4158	4160	0	-2	3	147
905	4152	4152	4153	0	-1	2	148
906	4164	4157	4165	7	-1	5	147
907	4156	4156	4157	0	-1	2	147
908	4158	4157	4159	1	-1	3	148
909	4156	4155	4156	1	0	2	147
910	4159	4156	4159	3	0	4	147
911	4157	4156	4156	1	1	1	146
912	4154	4153	4155	1	-1	3	147
913	4156	4156	4157	0	-1	2	147
914	4158	4157	4159	1	-1	3	148
915	4166	4159	4167	7	-1	5	152
916	4157	4156	4158	1	-1	3	147
917	4155	4155	4156	0	-1	2	146
918	4163	4157	4164	6	-1	5	145
919	4152	4152	4153	0	-1	2	147
920	4158	4157	4159	1	-1	3	147
921	4156	4156	4158	0	-2	2	148
922	4159	4157	4160	2	-1	4	147
923	4156	4156	4157	0	-1	2	148
924	4155	4155	4156	0	-1	2	147
925	4156	4156	4158	0	-2	2	148
926	4152	4152	4153	0	-1	2	147
927	4310	4165	4311	145	-1	6	151
928	4156	4156	4157	0	-1	2	146
929	4156	4156	4158	0	-2	2	148
930	4161	4155	4162	6	-1	5	147
931	4158	4157	4159	1	-1	3	147
932	4156	4156	4157	0	-1	2	147
933	4153	4153	4155	0	-2	3	146
934	4244	4201	4242	43	2	25	271
935	4252	4173	4252	79	0	18	202
936	4155	4155	4157	0	-2	3	148
937	4158	4157	4159	1	-1	3	149
938	4156	4156	4157	0	-1	2	148
939	4156	4156	4158	0	-2	3	147
940	4154	4152	4153	2	1	2	148
941	4156	4155	4157	1	-1	3	147
942	4143	4143	4144	0	-1	2	146
943	4139	4138	4140	1	-1	3	148
944	4137	4137	4138	0	-1	2	145
945	4139	4138	4140	1	-1	3	146
946	4138	4138	4139	0	-1	2	147
947	4141	4138	4141	3	0	4	146
948	4138	4136	4137	2	1	2	147
949	4144	4143	4145	1	-1	3	149
950	4153	4146	4155	7	-2	6	152
951	4149	4148	4151	1	-2	3	147
952	4156	4157	4158	-1	-2	2	149
953	4162	4154	4163	8	-1	5	147
954	4155	4155	4156	0	-1	2	147
955	4158	4158	4160	0	-2	3	146
956	4156	4155	4156	1	0	2	147
957	4159	4157	4160	2	-1	4	147
958	4156	4156	4157	0	-1	2	148
959	4157	4156	4159	1	-2	3	146
960	4153	4152	4153	1	0	2	147
961	4158	4156	4158	2	0	3	147
962	4166	4158	4167	8	-1	4	152
963	4158	4157	4160	1	-2	4	147
964	4156	4155	4156	1	0	2	148
965	4164	4157	4165	7	-1	5	147
966	4156	4156	4157	0	-1	2	148
967	4154	4153	4156	1	-2	3	149
968	4156	4156	4157	0	-1	2	147
969	4159	4157	4160	2	-1	4	148
970	4156	4156	4157	0	-1	2	146
971	4158	4157	4159	1	-1	3	146
972	4156	4156	4157	0	-1	2	147
973	4158	4157	4159	1	-1	3	148
974	4162	4152	4163	10	-1	5	152
975	4158	4157	4159	1	-1	3	146
976	4156	4156	4157	0	-1	2	146
977	4163	4156	4165	7	-2	5	145
978	4156	4156	4158	0	-2	3	147
979	4156	4156	4157	0	-1	2	147
980	4155	4155	4157	0	-2	2	148
981	4154	4153	4155	1	-1	3	147
982	4299	4166	4300	133	-1	4	148
983	4155	4155	4156	0	-1	2	148
984	4156	4156	4157	0	-1	2	148
985	4155	4155	4157	0	-2	2	146
986	4166	4158	4167	8	-1	5	151
987	4154	4154	4155	0	-1	2	146
988	4155	4154	4155	1	0	2	148
989	4162	4155	4162	7	0	4	147
990	4156	4156	4157	0	-1	2	147
991	4156	4156	4157	0	-1	2	147
992	4155	4156	4157	-1	-2	2	146
993	4172	4162	4173	10	-1	6	149
994	4154	4153	4155	1	-1	3	146
995	4156	4156	4157	0	-1	2	149
996	4158	4157	4159	1	-1	3	148
997	4156	4156	4157	0	-1	2	147
998	4169	4159	4171	10	-2	6	154
999	4156	4157	4158	-1	-2	2	149
1000	4158	4157	4159	1	-1	3	147
