RUNID	ITERNUM	METIME	PRTIME	TPRTIME	DIFF	TDIFF	NRPROCS	NPROCS
17620	1	32075	32070	32273	5	203	4	93
17620	2	32068	32065	32266	3	201	4	93
17620	3	32072	32069	32272	3	203	4	93
17620	4	32069	32066	32265	3	199	4	93
17620	5	32078	32074	32276	4	202	4	93
17620	6	32068	32064	32268	4	204	5	93
17620	7	32072	32068	32272	4	204	5	93
17620	8	32068	32065	32266	3	201	4	93
17620	9	32074	32069	32270	5	201	5	93
17620	10	32069	32065	32265	4	200	5	93
17620	11	32072	32069	32268	3	199	4	93
17620	12	32069	32066	32265	3	199	4	93
17620	13	32074	32070	32272	4	202	4	93
17620	14	32068	32065	32267	3	202	4	93
17620	15	32072	32069	32272	3	203	4	93
17620	16	32069	32063	32264	6	201	6	93
17620	17	32075	32071	32271	4	200	4	93
17620	18	32069	32066	32265	3	199	4	93
17620	19	32073	32069	32269	4	200	5	93
17620	20	32069	32065	32269	4	204	5	93
17620	21	32075	32071	32271	4	200	4	93
17620	22	32072	32069	32270	3	201	4	93
17620	23	32070	32067	32268	3	201	4	93
17620	24	32073	32069	32269	4	200	5	93
17620	25	32071	32066	32269	5	203	5	93
17620	26	32072	32067	32272	5	205	5	93
17620	27	32069	32066	32265	3	199	4	93
17620	28	32072	32069	32272	3	203	4	93
17620	29	32070	32066	32268	4	202	4	93
17620	30	32072	32068	32272	4	204	5	93
17620	31	32068	32065	32266	3	201	4	93
17620	32	32072	32069	32272	3	203	4	93
17620	33	32072	32069	32268	3	199	4	93
17620	34	32073	32070	32269	3	199	4	93
17620	35	32069	32066	32265	3	199	4	93
17620	36	32072	32069	32272	3	203	4	93
17620	37	32068	32064	32266	4	202	5	93
17620	38	32074	32069	32274	5	205	5	93
17620	39	32069	32065	32265	4	200	5	93
17620	40	32073	32069	32269	4	200	5	93
17620	41	32069	32066	32265	3	199	4	93
17620	42	32074	32070	32270	4	200	4	93
17620	43	32069	32066	32265	3	199	4	93
17620	44	32073	32070	32269	3	199	4	93
17620	45	32069	32066	32265	3	199	4	93
17620	46	32074	32069	32274	5	205	5	93
17620	47	32070	32066	32266	4	200	5	93
17620	48	32073	32070	32269	3	199	4	93
17620	49	32072	32069	32268	3	199	4	93
17620	50	32073	32069	32269	4	200	4	93
17620	51	32073	32068	32269	5	201	5	93
17620	52	32069	32066	32267	3	201	4	93
17620	53	32074	32070	32274	4	204	5	93
17620	54	32071	32066	32267	5	201	5	93
17620	55	32073	32069	32269	4	200	5	93
17620	56	32069	32065	32265	4	200	5	93
17620	57	32072	32068	32272	4	204	5	93
17620	58	32070	32066	32266	4	200	4	93
17620	59	32072	32067	32272	5	205	5	93
17620	60	32069	32066	32265	3	199	4	93
17620	61	32076	32071	32272	5	201	5	93
17620	62	32072	32065	32269	7	204	6	93
17620	63	32072	32069	32272	3	203	4	93
17620	64	32069	32065	32266	4	201	5	93
17620	65	32073	32070	32269	3	199	4	93
17620	66	32071	32066	32267	5	201	5	93
17620	67	32073	32069	32269	4	200	5	93
17620	68	32069	32066	32265	3	199	4	93
17620	69	32073	32070	32269	3	199	4	93
17620	70	32070	32065	32268	5	203	5	93
17620	71	32072	32069	32272	3	203	4	93
17620	72	32069	32065	32265	4	200	5	93
17620	73	32072	32069	32270	3	201	4	93
17620	74	32070	32065	32270	5	205	5	93
17620	75	32072	32069	32270	3	201	4	93
17620	76	32070	32066	32269	4	203	5	93
17620	77	32072	32068	32270	4	202	5	93
17620	78	32074	32069	32272	5	203	5	93
17620	79	32070	32066	32268	4	202	5	93
17620	80	32072	32069	32270	3	201	4	93
17620	81	32069	32066	32267	3	201	4	93
17620	82	32075	32070	32271	5	201	5	93
17620	83	32069	32066	32265	3	199	4	93
17620	84	32073	32070	32269	3	199	4	93
17620	85	32069	32065	32265	4	200	5	93
17620	86	32072	32068	32272	4	204	5	93
17620	87	32069	32066	32265	3	199	4	93
17620	88	32073	32070	32269	3	199	4	93
17620	89	32068	32065	32268	3	203	4	93
17620	90	32073	32070	32269	3	199	4	93
17620	91	32069	32066	32265	3	199	4	93
17620	92	32072	32068	32272	4	204	5	93
17620	93	32069	32066	32265	3	199	4	93
17620	94	32072	32069	32272	3	203	4	93
17620	95	32070	32066	32270	4	204	4	93
17620	96	32073	32070	32269	3	199	4	93
17620	97	32069	32065	32265	4	200	5	93
17620	98	32073	32069	32269	4	200	5	93
17620	99	32071	32066	32267	5	201	5	93
17620	100	32072	32068	32272	4	204	5	93
17620	101	32068	32063	32265	5	202	5	93
17620	102	32072	32068	32270	4	202	5	93
17620	103	32072	32066	32269	6	203	5	93
17620	104	32073	32070	32269	3	199	4	93
17620	105	32069	32066	32269	3	203	4	93
17620	106	32073	32070	32269	3	199	4	93
17620	107	32073	32068	32271	5	203	5	93
17620	108	32072	32068	32268	4	200	5	93
17620	109	32072	32069	32268	3	199	4	93
17620	110	32070	32067	32268	3	201	4	93
17620	111	32074	32069	32272	5	203	5	93
17620	112	32068	32065	32268	3	203	4	93
17620	113	32072	32069	32272	3	203	4	93
17620	114	32069	32066	32265	3	199	4	93
17620	115	32075	32070	32271	5	201	5	93
17620	116	32069	32064	32264	5	200	5	93
17620	117	32073	32069	32269	4	200	5	93
17620	118	32068	32064	32266	4	202	5	93
17620	119	32075	32071	32271	4	200	4	93
17620	120	32069	32065	32265	4	200	5	93
17620	121	32072	32068	32270	4	202	5	93
17620	122	32068	32065	32266	3	201	4	93
17620	123	32075	32071	32271	4	200	4	93
17620	124	32069	32065	32265	4	200	5	93
17620	125	32073	32070	32269	3	199	4	93
17620	126	32068	32065	32268	3	203	4	93
17620	127	32074	32068	32270	6	202	5	93
17620	128	32068	32065	32268	3	203	4	93
17620	129	32072	32069	32270	3	201	4	93
17620	130	32069	32065	32265	4	200	5	93
17620	131	32075	32069	32271	6	202	5	93
17620	132	32068	32065	32268	3	203	4	93
17620	133	32073	32070	32269	3	199	4	93
17620	134	32068	32065	32268	3	203	4	93
17620	135	32074	32069	32274	5	205	5	93
17620	136	32070	32066	32268	4	202	5	93
17620	137	32075	32072	32271	3	199	4	93
17620	138	32071	32068	32267	3	199	4	93
17620	139	32074	32070	32272	4	202	4	93
17620	140	32129	32087	32329	42	242	11	111
17620	141	32072	32069	32270	3	201	4	93
17620	142	32071	32068	32267	3	199	4	93
17620	143	32074	32070	32270	4	200	4	93
17620	144	32072	32069	32268	3	199	4	93
17620	145	32071	32067	32269	4	202	5	93
17620	146	32072	32068	32270	4	202	5	93
17620	147	32073	32067	32269	6	202	5	93
17620	148	32073	32069	32269	4	200	5	93
17620	149	32070	32067	32266	3	199	4	93
17620	150	32073	32070	32269	3	199	4	93
17620	151	32069	32066	32267	3	201	4	93
17620	152	32072	32069	32272	3	203	4	93
17620	153	32068	32065	32266	3	201	4	93
17620	154	32073	32070	32271	3	201	4	93
17620	155	32068	32065	32266	3	201	4	93
17620	156	32072	32069	32270	3	201	4	93
17620	157	32068	32065	32268	3	203	4	93
17620	158	32073	32069	32268	4	199	4	93
17620	159	32069	32066	32265	3	199	4	93
17620	160	32075	32070	32271	5	201	5	93
17620	161	32069	32065	32265	4	200	5	93
17620	162	32072	32068	32272	4	204	5	93
17620	163	32068	32063	32268	5	205	6	93
17620	164	32074	32069	32274	5	205	5	93
17620	165	32069	32066	32265	3	199	4	93
17620	166	32072	32069	32272	3	203	4	93
17620	167	32068	32065	32268	3	203	4	93
17620	168	32075	32070	32271	5	201	5	93
17620	169	32069	32065	32264	4	199	4	93
17620	170	32072	32069	32272	3	203	4	93
17620	171	32068	32064	32266	4	202	5	93
17620	172	32074	32070	32272	4	202	4	93
17620	173	32069	32066	32265	3	199	4	93
17620	174	32072	32068	32272	4	204	5	93
17620	175	32069	32066	32265	3	199	4	93
17620	176	32074	32069	32272	5	203	5	93
17620	177	32068	32065	32266	3	201	4	93
17620	178	32073	32069	32269	4	200	5	93
17620	179	32069	32065	32265	4	200	5	93
17620	180	32074	32070	32274	4	204	4	93
17620	181	32068	32064	32266	4	202	5	93
17620	182	32072	32069	32270	3	201	4	93
17620	183	32069	32065	32265	4	200	5	93
17620	184	32074	32068	32274	6	206	5	93
17620	185	32069	32066	32265	3	199	4	93
17620	186	32073	32070	32271	3	201	4	93
17620	187	32069	32066	32265	3	199	4	93
17620	188	32074	32070	32272	4	202	4	93
17620	189	32069	32066	32265	3	199	4	93
17620	190	32073	32069	32269	4	200	5	93
17620	191	32068	32065	32264	3	199	4	93
17620	192	32074	32070	32274	4	204	4	93
17620	193	32068	32064	32268	4	204	5	93
17620	194	32072	32069	32272	3	203	4	93
17620	195	32068	32065	32266	3	201	4	93
17620	196	32075	32071	32271	4	200	4	93
17620	197	32068	32065	32266	3	201	4	93
17620	198	32072	32069	32272	3	203	4	93
17620	199	32072	32068	32268	4	200	5	93
17620	200	32073	32070	32272	3	202	4	93
17620	201	32069	32066	32265	3	199	4	93
17620	202	32072	32069	32270	3	201	4	93
17620	203	32068	32063	32264	5	201	5	93
17620	204	32073	32069	32269	4	200	5	93
17620	205	32069	32065	32267	4	202	5	93
17620	206	32072	32068	32270	4	202	5	93
17620	207	32070	32067	32266	3	199	4	93
17620	208	32072	32069	32271	3	202	4	93
17620	209	32070	32067	32270	3	203	4	93
17620	210	32072	32068	32270	4	202	5	93
17620	211	32071	32068	32269	3	201	4	93
17620	212	32072	32069	32269	3	200	4	93
17620	213	32075	32071	32273	4	202	4	93
17620	214	32071	32068	32269	3	201	4	93
17620	215	32072	32068	32272	4	204	5	93
17620	216	32070	32067	32268	3	201	4	93
17620	217	32074	32070	32273	4	203	4	93
17620	218	32069	32064	32267	5	203	5	93
17620	219	32073	32069	32269	4	200	5	93
17620	220	32069	32066	32265	3	199	4	93
17620	221	32075	32071	32271	4	200	4	93
17620	222	32068	32065	32268	3	203	4	93
17620	223	32072	32069	32270	3	201	4	93
17620	224	32069	32066	32265	3	199	4	93
17620	225	32074	32070	32274	4	204	4	93
17620	226	32068	32063	32265	5	202	5	93
17620	227	32073	32070	32269	3	199	4	93
17620	228	32069	32066	32265	3	199	4	93
17620	229	32074	32070	32274	4	204	4	93
17620	230	32068	32064	32268	4	204	5	93
17620	231	32072	32069	32272	3	203	4	93
17620	232	32068	32065	32264	3	199	4	93
17620	233	32075	32071	32271	4	200	4	93
17620	234	32068	32064	32266	4	202	5	93
17620	235	32072	32069	32270	3	201	4	93
17620	236	32068	32065	32266	3	201	4	93
17620	237	32074	32070	32274	4	204	4	93
17620	238	32069	32066	32265	3	199	4	93
17620	239	32072	32069	32272	3	203	4	93
17620	240	32068	32065	32266	3	201	4	93
17620	241	32075	32071	32271	4	200	4	93
17620	242	32068	32065	32266	3	201	4	93
17620	243	32073	32070	32269	3	199	4	93
17620	244	32068	32065	32266	3	201	4	93
17620	245	32074	32070	32274	4	204	4	93
17620	246	32068	32065	32266	3	201	4	93
17620	247	32072	32068	32272	4	204	5	93
17620	248	32069	32066	32265	3	199	4	93
17620	249	32075	32071	32271	4	200	4	93
17620	250	32068	32064	32268	4	204	5	93
17620	251	32073	32069	32269	4	200	5	93
17620	252	32068	32064	32266	4	202	5	93
17620	253	32074	32068	32270	6	202	6	93
17620	254	32069	32065	32265	4	200	5	93
17620	255	32075	32072	32273	3	201	4	93
17620	256	32068	32065	32266	3	201	4	93
17620	257	32075	32069	32271	6	202	5	93
17620	258	32068	32065	32266	3	201	4	93
17620	259	32072	32068	32272	4	204	5	93
17620	260	32068	32065	32266	3	201	4	93
17620	261	32074	32070	32274	4	204	4	93
17620	262	32069	32065	32265	4	200	5	93
17620	263	32073	32070	32269	3	199	4	93
17620	264	32068	32065	32266	3	201	4	93
17620	265	32074	32069	32270	5	201	5	93
17620	266	32070	32064	32265	6	201	5	93
17620	267	32072	32067	32272	5	205	5	93
17620	268	32070	32066	32268	4	202	5	93
17620	269	32074	32070	32272	4	202	4	93
17620	270	32072	32068	32270	4	202	5	93
17620	271	32071	32068	32267	3	199	4	93
17620	272	32073	32070	32269	3	199	4	93
17620	273	32069	32066	32265	3	199	4	93
17620	274	32072	32069	32270	3	201	4	93
17620	275	32069	32066	32265	3	199	4	93
17620	276	32073	32070	32269	3	199	4	93
17620	277	32069	32065	32265	4	200	5	93
17620	278	32073	32070	32269	3	199	4	93
17620	279	32068	32065	32268	3	203	4	93
17620	280	32072	32069	32268	3	199	4	93
17620	281	32069	32065	32265	4	200	5	93
17620	282	32073	32070	32269	3	199	4	93
17620	283	32068	32064	32266	4	202	5	93
17620	284	32072	32069	32270	3	201	4	93
17620	285	32068	32064	32266	4	202	5	93
17620	286	32072	32069	32270	3	201	4	93
17620	287	32068	32065	32266	3	201	4	93
17620	288	32072	32068	32270	4	202	5	93
17620	289	32068	32065	32266	3	201	4	93
17620	290	32073	32069	32270	4	201	5	93
17620	291	32068	32065	32264	3	199	4	93
17620	292	32072	32069	32271	3	202	4	93
17620	293	32068	32065	32266	3	201	4	93
17620	294	32075	32071	32271	4	200	4	93
17620	295	32069	32066	32265	3	199	4	93
17620	296	32072	32067	32272	5	205	5	93
17620	297	32068	32064	32266	4	202	5	93
17620	298	32074	32068	32274	6	206	5	93
17620	299	32068	32064	32268	4	204	5	93
17620	300	32073	32070	32271	3	201	4	93
