ITERNUM	METIME	PRTIME	TPRTIME	DIFF	TDIFF	NRPROCS	NPROCS
1	2052013	2052009	2052241	4	232	5	108
2	2052027	2052016	2052252	10	236	6	109
3	2052007	2051996	2052235	11	239	6	108
4	2052020	2052011	2052248	8	237	5	108
5	2052029	2052019	2052257	10	238	6	109
6	2052568	2052016	2052794	551	778	6	109
7	2052012	2052007	2052241	5	234	5	108
8	2052021	2052011	2052252	9	241	8	109
9	2052018	2052016	2052247	2	231	5	108
10	2052022	2052020	2052250	1	230	4	108
11	2052015	2052006	2052245	9	239	9	109
12	2052019	2052013	2052246	5	233	7	108
13	2052406	2052015	2052632	391	617	8	109
14	2052019	2052011	2052246	7	235	6	109
15	2052011	2052009	2052238	2	229	4	108
16	2052003	2051996	2052231	6	235	7	108
17	2052027	2052016	2052257	11	241	9	109
18	2052020	2052009	2052246	10	237	5	108
19	2052017	2052015	2052245	2	230	4	108
20	2052580	2052020	2052805	559	785	8	110
21	2052015	2052009	2052243	6	234	5	108
22	2052014	2052010	2052241	4	231	6	108
23	2052014	2052004	2052241	9	237	6	109
24	2052004	2051998	2052232	6	234	5	108
25	2052010	2052004	2052237	5	233	6	108
26	2052012	2052004	2052242	8	238	6	109
27	2052400	2052013	2052626	386	613	7	109
28	2052029	2052019	2052256	10	237	7	109
29	2052011	2052007	2052238	3	231	5	108
30	2052009	2052001	2052236	8	235	6	108
31	2052013	2052002	2052239	10	237	6	109
32	2052030	2052016	2052257	14	241	7	110
33	2052019	2052009	2052248	9	239	6	108
34	2052587	2052016	2052815	571	799	10	110
35	2052015	2052007	2052241	7	234	5	108
36	2052021	2052018	2052250	3	232	5	108
37	2052021	2052010	2052249	10	239	6	109
38	2052006	2052002	2052234	4	232	5	108
39	2052015	2052009	2052242	5	233	4	108
40	2052017	2052010	2052245	7	235	5	109
41	2052408	2052023	2052634	384	611	7	109
42	2052006	2052002	2052236	4	234	5	108
43	2052025	2052017	2052251	7	234	5	109
44	2052015	2052013	2052244	2	231	4	108
45	2052014	2052008	2052242	6	234	6	108
46	2052016	2052009	2052244	6	235	5	109
47	2052010	2052006	2052237	4	231	5	108
48	2052565	2052013	2052792	551	779	8	109
49	2052019	2052009	2052249	10	240	6	109
50	2052021	2052013	2052248	7	235	6	108
51	2052009	2052005	2052236	4	231	5	108
52	2052015	2052006	2052244	8	238	7	109
53	2052010	2052006	2052238	4	232	6	108
54	2052011	2052004	2052239	6	235	5	108
55	2052406	2052014	2052632	392	618	8	110
56	2052021	2052015	2052250	5	235	6	108
57	2052011	2052006	2052239	5	233	7	108
58	2052018	2052010	2052245	7	235	7	109
59	2052016	2052010	2052245	6	235	5	108
60	2052008	2052002	2052238	5	236	6	108
61	2052023	2052018	2052251	5	233	6	109
62	2052569	2052005	2052793	563	788	8	109
63	2052007	2052001	2052237	6	236	5	108
64	2052016	2052006	2052245	9	239	5	109
65	2052008	2052001	2052237	7	236	5	108
66	2052019	2052007	2052247	11	240	6	109
67	2052023	2052020	2052251	3	231	4	108
68	2052014	2052014	2052243	0	229	4	108
69	2052395	2051992	2052620	402	628	9	110
70	2052014	2052010	2052242	4	232	4	108
71	2052018	2052010	2052245	7	235	6	108
72	2052016	2052005	2052243	11	238	5	109
73	2052016	2052001	2052241	14	240	7	110
74	2052020	2052013	2052248	7	235	6	108
75	2052028	2052020	2052257	7	237	6	109
76	2052584	2052025	2052809	559	784	6	109
77	2052022	2052017	2052251	4	234	5	108
78	2052025	2052018	2052255	7	237	6	109
79	2052022	2052019	2052250	2	231	4	108
80	2052021	2052016	2052250	5	234	4	108
81	2052025	2052014	2052254	10	240	6	109
82	2052413	2052021	2052638	392	617	6	109
83	2052018	2052012	2052244	5	232	5	108
84	2052027	2052019	2052255	8	236	5	109
85	2052020	2052018	2052247	1	229	4	108
86	2052014	2052003	2052243	11	240	7	108
87	2052027	2052018	2052254	8	236	7	109
88	2052011	2052004	2052241	7	237	5	108
89	2052571	2052010	2052796	561	786	7	109
90	2052027	2052016	2052254	10	238	7	109
91	2052014	2052014	2052244	0	230	3	108
92	2052018	2052009	2052245	8	236	7	108
93	2052029	2052022	2052257	7	235	5	109
94	2052028	2052019	2052255	8	236	6	108
95	2052011	2052009	2052240	2	231	4	108
96	2052414	2052020	2052640	393	620	9	110
97	2052012	2052007	2052239	5	232	5	108
98	2052019	2052014	2052247	4	233	4	108
99	2052024	2052012	2052252	12	240	5	109
100	2052014	2052009	2052242	4	233	5	108
101	2052019	2052016	2052248	3	232	4	108
102	2052020	2052012	2052246	7	234	6	109
103	2052560	2052003	2052785	557	782	8	109
104	2052006	2052000	2052234	5	234	6	108
105	2052021	2052013	2052248	8	235	5	109
106	2052021	2052012	2052247	8	235	5	108
107	2052019	2052007	2052246	12	239	6	109
108	2052024	2052016	2052251	7	235	6	108
109	2052026	2052020	2052255	6	235	5	108
110	2052413	2052009	2052640	403	631	8	110
111	2052020	2052018	2052249	2	231	5	108
112	2052016	2052011	2052246	5	235	6	108
113	2052022	2052015	2052249	6	234	6	109
114	2052004	2052003	2052234	1	231	5	108
115	2052015	2052012	2052243	2	231	5	108
116	2052029	2052009	2052257	20	248	9	111
117	2072122	2052156	2072349	19965	20193	9	109
118	2052013	2052007	2052242	6	235	5	108
119	2052021	2052006	2052251	14	245	5	109
120	2052020	2052014	2052249	6	235	5	108
121	2052021	2052015	2052247	5	232	4	108
122	2052027	2052017	2052253	10	236	6	109
123	2052012	2052008	2052239	3	231	6	108
124	2052413	2052028	2052638	385	610	9	109
125	2052015	2052000	2052242	14	242	7	109
126	2052005	2051999	2052235	6	236	5	108
127	2052011	2052007	2052238	3	231	4	108
128	2052021	2052014	2052248	7	234	5	109
129	2052007	2052001	2052234	5	233	6	108
130	2052005	2051997	2052233	8	236	6	108
131	2052580	2052018	2052808	561	790	7	110
132	2052018	2052013	2052244	5	231	4	108
133	2051997	2051992	2052225	4	233	5	108
134	2052014	2052004	2052240	10	236	6	109
135	2052018	2052012	2052246	6	234	7	108
136	2052003	2051997	2052230	5	233	6	108
137	2052029	2052021	2052257	8	236	6	109
138	2052411	2052018	2052636	392	618	7	109
139	2052017	2052012	2052243	5	231	5	108
140	2052028	2052013	2052257	14	244	8	109
141	2052023	2052020	2052251	3	231	6	108
142	2052021	2052010	2052248	10	238	5	108
143	2052016	2052009	2052246	7	237	6	109
144	2052018	2052011	2052246	6	235	4	108
145	2052564	2052010	2052788	554	778	9	110
146	2052004	2051998	2052230	5	232	5	108
147	2052009	2052006	2052238	3	232	5	108
148	2052025	2052016	2052253	8	237	6	109
149	2052014	2052009	2052241	5	232	6	108
150	2052011	2052002	2052240	8	238	6	108
151	2052024	2052018	2052254	6	236	5	109
152	2052402	2052012	2052627	389	615	7	109
153	2052026	2052019	2052256	7	237	5	108
154	2052035	2052025	2052261	9	236	6	109
155	2052031	2052022	2052262	9	240	6	108
156	2052023	2052017	2052251	5	234	6	108
157	2052025	2052020	2052255	5	235	5	109
158	2052025	2052009	2052249	16	240	7	110
159	2052554	2052000	2052779	553	779	6	109
160	2051990	2051981	2052220	9	239	5	109
161	2051995	2051985	2052223	9	238	4	108
162	2052013	2052010	2052243	3	233	5	108
163	2052410	2052021	2052635	388	614	9	110
164	2052028	2052020	2052257	8	237	7	108
165	2052016	2052012	2052243	3	231	4	108
166	2052031	2052023	2052260	8	237	8	109
167	2052018	2052012	2052245	5	233	6	108
168	2052021	2052016	2052248	5	232	5	108
169	2052021	2052012	2052250	8	238	5	109
170	2052577	2052031	2052805	546	774	7	109
171	2052007	2052003	2052235	3	232	4	108
172	2052012	2052005	2052241	7	236	7	109
173	2052009	2052003	2052238	5	235	5	108
174	2052012	2052006	2052240	6	234	5	108
175	2052022	2052014	2052252	7	238	7	109
176	2052016	2052011	2052247	5	236	6	108
177	2052405	2052009	2052633	395	624	9	109
178	2052019	2052006	2052250	13	244	7	109
179	2052006	2052001	2052234	5	233	4	108
180	2052017	2052011	2052245	5	234	6	108
181	2052028	2052017	2052258	11	241	7	109
182	2052019	2052012	2052247	6	235	6	108
183	2052008	2052004	2052235	4	231	4	108
184	2052584	2052016	2052808	567	792	8	109
185	2052002	2051996	2052231	6	235	7	108
186	2052012	2052003	2052240	8	237	5	109
187	2052008	2052000	2052238	8	238	6	108
188	2052006	2052005	2052234	0	229	4	108
189	2052010	2051998	2052237	12	239	7	109
190	2052011	2052004	2052238	6	234	6	108
191	2052404	2052021	2052632	383	611	7	109
192	2052024	2052015	2052253	8	238	6	109
193	2052007	2052002	2052234	5	232	6	108
194	2052018	2052013	2052246	4	233	5	108
195	2052025	2052014	2052255	11	241	7	109
196	2052013	2052006	2052239	6	233	5	108
197	2052018	2052014	2052248	4	234	6	108
198	2052577	2052014	2052802	562	788	8	110
199	2052028	2052014	2052254	14	240	7	110
200	2052023	2052019	2052252	3	233	6	108
201	2052022	2052017	2052250	5	233	5	109
202	2052030	2052027	2052260	3	233	4	108
203	2052020	2052014	2052247	5	233	5	108
204	2052030	2052020	2052259	10	239	7	109
205	2052400	2052006	2052627	393	621	7	109
206	2052011	2052005	2052242	6	237	5	108
207	2052025	2052014	2052252	10	238	7	109
208	2052016	2052011	2052244	5	233	5	108
209	2052011	2052007	2052238	3	231	4	108
210	2052016	2052010	2052244	6	234	5	109
211	2052016	2052012	2052242	3	230	4	108
212	2052569	2052015	2052792	554	777	7	109
213	2052027	2052020	2052254	6	234	6	109
214	2052018	2052012	2052247	6	235	4	108
215	2052016	2052011	2052243	4	232	4	108
216	2052025	2052017	2052255	8	238	6	109
217	2052019	2052011	2052246	7	235	6	108
218	2052017	2052012	2052245	5	233	4	108
219	2052407	2052014	2052631	392	617	8	110
220	2052015	2052010	2052243	5	233	6	108
221	2052017	2052008	2052246	8	238	5	108
222	2052019	2052008	2052249	11	241	8	109
223	2052019	2052012	2052247	6	235	6	108
224	2052016	2052002	2052244	14	242	8	109
225	2052019	2052016	2052245	3	229	4	108
226	2052576	2052022	2052801	553	779	6	109
227	2052025	2052020	2052252	5	232	4	109
228	2052018	2052010	2052246	7	236	6	108
229	2052022	2052017	2052251	5	234	7	108
230	2052027	2052021	2052255	5	234	7	109
231	2052018	2052012	2052248	6	236	7	108
232	2052006	2052002	2052236	3	234	5	108
233	2052409	2052021	2052637	388	616	8	110
234	2052003	2051998	2052230	4	232	5	108
235	2052011	2052008	2052239	3	231	6	108
236	2052026	2052018	2052254	7	236	5	109
237	2052010	2052006	2052239	4	233	4	108
238	2052017	2052013	2052244	3	231	5	108
239	2052023	2052013	2052252	10	239	7	109
240	2052573	2052010	2052799	562	789	7	109
241	2052018	2052012	2052248	6	236	5	108
242	2052020	2052002	2052248	17	246	7	111
243	2052018	2052011	2052246	7	235	7	108
244	2052017	2052008	2052243	8	235	7	108
245	2052414	2052020	2052642	394	622	11	110
246	2052005	2051998	2052231	6	233	5	108
247	2052018	2052009	2052247	9	238	6	108
248	2052022	2052011	2052250	11	239	6	109
249	2052020	2052016	2052247	3	231	4	108
250	2052023	2052017	2052252	6	235	5	108
251	2052016	2052009	2052245	6	236	6	109
252	2052586	2052032	2052813	554	781	8	109
253	2052015	2052008	2052242	6	234	5	108
254	2052022	2052015	2052250	7	235	6	109
255	2052017	2052008	2052243	8	235	6	108
256	2052012	2052008	2052241	4	233	5	108
257	2052037	2052028	2052262	8	234	5	109
258	2052017	2052014	2052248	3	234	6	108
259	2052410	2052022	2052635	387	613	7	109
260	2052016	2052007	2052244	9	237	7	109
261	2052016	2052012	2052244	3	232	4	108
262	2052010	2052003	2052238	7	235	5	108
263	2052014	2052000	2052240	13	240	7	108
264	2052008	2052004	2052238	4	234	4	108
265	2052027	2052014	2052256	12	242	8	109
266	2052565	2052003	2052792	562	789	9	109
267	2052024	2052016	2052251	7	235	6	108
268	2052025	2052019	2052256	6	237	6	109
269	2052015	2052010	2052242	5	232	6	108
270	2052022	2052016	2052249	5	233	4	108
271	2052031	2052022	2052258	9	236	7	109
272	2052017	2052013	2052246	3	233	7	108
273	2052409	2052024	2052637	385	613	7	109
274	2052021	2052009	2052249	11	240	6	109
275	2052012	2052009	2052242	3	233	6	108
276	2052020	2052012	2052246	7	234	6	108
277	2052025	2052015	2052254	10	239	5	109
278	2052027	2052022	2052255	4	233	5	108
279	2052019	2052012	2052248	7	236	7	108
280	2052585	2052028	2052811	556	783	8	110
281	2052017	2052013	2052246	4	233	5	108
282	2052021	2052014	2052251	6	237	5	108
283	2052022	2052016	2052249	6	233	6	109
284	2052026	2052011	2052252	14	241	7	110
285	2052021	2052020	2052248	1	228	3	108
286	2052022	2052014	2052251	7	237	6	109
287	2052413	2052023	2052637	390	614	9	109
288	2052017	2052007	2052246	9	239	6	108
289	2052029	2052021	2052258	8	237	5	109
290	2052021	2052015	2052248	5	233	5	108
291	2052018	2052017	2052247	1	230	5	108
292	2052026	2052017	2052253	9	236	7	109
293	2052026	2052021	2052254	4	233	6	108
294	2052615	2052026	2052841	589	815	8	109
295	2052023	2052009	2052251	13	242	7	109
296	2052019	2052018	2052248	1	230	5	108
297	2052029	2052025	2052256	3	231	4	108
298	2052029	2052016	2052258	13	242	6	109
299	2052026	2052019	2052255	6	236	7	108
300	2052012	2052007	2052240	5	233	5	108
