ITERNUM	OTHER_TOTAL_SECS	OTHER_PROCS
1	275	5
2	269	3
3	270	4
4	271	3
5	270	3
6	269	3
7	269	3
8	272	4
9	271	3
10	270	3
11	271	3
12	272	3
13	276	5
14	270	3
15	269	3
16	657	5
17	270	3
18	273	4
19	272	2
20	274	4
21	271	3
22	271	5
23	272	3
24	277	5
25	269	3
26	273	4
27	273	3
28	269	3
29	272	4
30	271	5
31	268	2
32	272	3
33	270	3
34	275	3
35	269	3
36	275	5
37	271	3
38	272	4
39	272	2
40	272	4
41	270	2
42	269	3
43	271	4
44	812	6
45	268	2
46	272	3
47	268	2
48	276	4
49	271	3
50	270	4
51	271	3
52	271	3
53	269	3
54	270	2
55	270	2
56	268	2
57	274	4
58	270	2
59	276	5
60	268	2
61	269	3
62	268	2
63	271	5
64	273	4
65	273	3
66	271	3
67	268	2
68	271	3
69	269	3
70	269	3
71	272	4
72	656	4
73	273	3
74	271	3
75	272	4
76	270	4
77	270	4
78	270	4
79	273	4
80	272	4
81	272	4
82	271	3
83	272	3
84	271	3
85	271	4
86	270	4
87	269	3
88	268	2
89	273	3
90	272	3
91	271	5
92	273	3
93	268	2
94	270	4
95	271	3
96	268	2
97	269	3
98	270	2
99	270	4
100	816	4
101	272	3
102	273	5
103	270	4
104	268	2
105	269	3
106	271	3
107	273	4
108	271	5
109	269	3
110	268	2
111	269	3
112	273	4
113	271	4
114	271	3
115	270	3
116	270	2
117	271	3
118	277	3
119	268	2
120	268	2
121	277	5
122	269	3
123	269	3
124	271	3
125	272	3
126	270	2
127	272	4
128	20262	7
129	272	4
130	272	4
131	269	3
132	270	2
133	270	3
134	273	4
135	274	3
136	271	3
137	270	2
138	273	5
139	271	3
140	270	2
141	278	5
142	268	2
143	271	3
144	269	3
145	268	2
146	270	3
147	270	4
148	269	3
149	270	4
150	269	3
151	271	5
152	273	3
153	278	5
154	270	4
155	274	4
156	652	6
157	270	4
158	272	3
159	271	3
160	269	3
161	275	5
162	271	3
163	271	3
164	272	3
165	276	4
166	272	3
167	269	3
168	273	3
169	273	4
170	269	3
171	268	2
172	270	2
173	272	4
174	271	3
175	268	2
176	279	5
177	272	3
178	268	2
179	271	3
180	269	3
181	268	2
182	269	3
183	274	3
184	822	5
185	270	2
186	271	3
187	273	4
188	274	4
189	269	3
190	270	4
191	273	3
192	268	2
193	270	4
194	269	3
195	271	3
196	271	3
197	271	3
198	270	4
199	272	2
200	279	5
201	270	4
202	268	2
203	269	3
204	271	3
205	269	3
206	268	2
207	270	2
208	271	4
209	271	3
210	271	5
211	275	4
212	649	5
213	270	2
214	271	3
215	272	3
216	270	2
217	270	4
218	272	4
219	268	2
220	272	3
221	273	3
222	270	4
223	275	4
224	271	3
225	270	3
226	272	4
227	270	2
228	270	3
229	270	2
230	272	4
231	271	4
232	274	5
233	272	4
234	269	3
235	273	3
236	271	3
237	269	3
238	270	2
239	271	3
240	818	6
241	269	3
242	275	5
243	268	2
244	270	3
245	272	3
246	271	5
247	274	3
248	274	4
249	271	5
250	271	3
251	269	3
252	270	2
253	269	3
254	269	3
255	270	4
256	272	3
257	270	3
258	272	3
259	270	3
260	269	3
261	272	4
262	273	5
263	269	3
264	268	2
265	272	4
266	273	5
267	270	2
268	651	7
269	272	3
270	276	5
271	274	3
272	272	4
273	270	2
274	271	2
275	271	3
276	271	3
277	270	2
278	270	2
279	271	5
280	270	2
281	272	4
282	270	4
283	272	4
284	269	3
285	273	3
286	272	3
287	271	3
288	270	4
289	269	3
290	269	3
291	279	5
292	272	4
293	276	5
294	269	3
295	271	3
296	11532	5
297	1707	7
298	272	4
299	270	2
300	269	3
