RUNID	ITERNUM	METIME	PRTIME	TPRTIME	DIFF	TDIFF	NRPROCS	NPROCS
17320	1	1003	1003	1205	0	202	2	96
17320	2	1001	1001	1205	0	204	2	96
17320	3	1001	1001	1205	0	204	2	96
17320	4	1002	1003	1205	-1	202	2	96
17320	5	1002	1002	1208	0	206	2	96
17320	6	1002	1002	1208	0	206	2	96
17320	7	1003	1003	1205	0	202	2	96
17320	8	1002	1002	1208	0	206	2	96
17320	9	1002	1002	1206	0	204	2	96
17320	10	1002	1003	1205	-1	202	2	96
17320	11	1003	1002	1208	1	206	2	96
17320	12	1002	1002	1206	0	204	2	96
17320	13	1002	1002	1208	0	206	2	96
17320	14	1002	1003	1205	-1	202	2	96
17320	15	999	999	1201	0	202	2	96
17320	16	1002	1002	1208	0	206	2	96
17320	17	1002	1002	1206	0	204	2	96
17320	18	1002	1002	1206	0	204	2	96
17320	19	1002	1002	1206	0	204	2	96
17320	20	999	999	1203	0	204	2	96
17320	21	1002	1003	1205	-1	202	2	96
17320	22	1002	1002	1206	0	204	2	96
17320	23	1003	1003	1205	0	202	2	96
17320	24	1002	1003	1207	-1	204	2	96
17320	25	1002	1002	1206	0	204	2	96
17320	26	1002	1002	1206	0	204	2	96
17320	27	1002	1002	1206	0	204	2	96
17320	28	1002	1003	1207	-1	204	2	96
17320	29	1003	1003	1205	0	202	2	96
17320	30	1003	1002	1206	1	204	2	96
17320	31	1002	1002	1206	0	204	2	96
17320	32	1000	999	1203	1	204	2	96
17320	33	1002	1001	1205	1	204	2	96
17320	34	1002	1003	1207	-1	204	2	96
17320	35	1003	1003	1205	0	202	2	96
17320	36	1002	1002	1206	0	204	2	95
17320	37	1002	1003	1205	-1	202	2	95
17320	38	1003	1002	1204	1	202	2	95
17320	39	1002	1002	1204	0	202	2	95
17320	40	1002	1002	1204	0	202	2	95
17320	41	1003	1003	1203	0	200	2	95
17320	42	1003	1002	1204	1	202	2	95
17320	43	1003	1002	1204	1	202	2	95
17320	44	1002	1002	1202	0	200	2	95
17320	45	1000	1000	1202	0	202	2	95
17320	46	1003	1003	1203	0	200	2	95
17320	47	1002	1002	1204	0	202	2	95
17320	48	1003	1003	1203	0	200	2	95
17320	49	1002	1002	1204	0	202	2	95
17320	50	1002	1002	1205	0	203	2	95
17320	51	1003	1003	1204	0	201	2	95
17320	52	1002	1002	1204	0	202	2	95
17320	53	1002	1002	1204	0	202	2	95
17320	54	1002	1002	1205	0	203	2	95
17320	55	1002	1002	1206	0	204	2	95
17320	56	1002	1003	1205	-1	202	2	95
17320	57	999	999	1199	0	200	2	95
17320	58	1003	1002	1204	1	202	2	95
17320	59	1002	1002	1204	0	202	2	95
17320	60	1002	1002	1206	0	204	2	95
17320	61	1003	1003	1203	0	200	2	95
17320	62	1002	1002	1204	0	202	2	95
17320	63	1002	1002	1204	0	202	2	95
17320	64	1002	1002	1204	0	202	2	95
17320	65	1002	1002	1204	0	202	2	95
17320	66	1002	1002	1204	0	202	2	95
17320	67	1002	1003	1205	-1	202	2	95
17320	68	1003	1002	1204	1	202	2	95
17320	69	1001	1000	1204	1	204	2	95
17320	70	1000	1000	1202	0	202	2	95
17320	71	1003	1002	1204	1	202	2	95
17320	72	1002	1002	1206	0	204	2	95
17320	73	1002	1002	1206	0	204	2	95
17320	74	1002	1003	1203	-1	200	2	95
17320	75	1002	1002	1204	0	202	2	95
17320	76	1002	1003	1205	-1	202	2	95
17320	77	1002	1002	1204	0	202	2	95
17320	78	1003	1002	1204	1	202	2	95
17320	79	1002	1002	1204	0	202	2	95
17320	80	1002	1002	1204	0	202	2	95
17320	81	1002	1002	1202	0	200	2	95
17320	82	999	1000	1202	-1	202	2	95
17320	83	1002	1002	1206	0	204	2	95
17320	84	1002	1003	1205	-1	202	2	95
17320	85	1003	1003	1203	0	200	2	95
17320	86	1003	1003	1203	0	200	2	95
17320	87	1002	1002	1206	0	204	2	95
17320	88	1002	1002	1204	0	202	2	95
17320	89	1002	1002	1204	0	202	2	95
17320	90	1002	1002	1204	0	202	2	95
17320	91	1003	1003	1203	0	200	2	95
17320	92	1002	1002	1206	0	204	2	95
17320	93	1002	1002	1204	0	202	2	95
17320	94	1000	999	1202	1	203	3	95
17320	95	1002	1002	1204	0	202	2	95
17320	96	1002	1002	1206	0	204	2	95
17320	97	1002	1003	1203	-1	200	2	95
17320	98	1003	1002	1204	1	202	2	95
17320	99	1003	1002	1204	1	202	2	95
17320	100	1002	1002	1204	0	202	2	95
17320	101	1002	1002	1204	0	202	2	95
17320	102	1002	1003	1203	-1	200	2	95
17320	103	1003	1002	1204	1	202	2	95
17320	104	1002	1002	1205	0	203	2	95
17320	105	1003	1003	1203	0	200	2	95
17320	106	1001	1000	1202	1	202	2	95
17320	107	1001	1000	1202	1	202	2	95
17320	108	1003	1002	1204	1	202	2	95
17320	109	1002	1003	1205	-1	202	2	95
17320	110	1002	1003	1205	-1	202	2	95
17320	111	1002	1003	1203	-1	200	2	95
17320	112	1002	1003	1205	-1	202	2	95
17320	113	1002	1002	1204	0	202	2	95
17320	114	1003	1002	1202	1	200	2	95
17320	115	1002	1003	1205	-1	202	2	95
17320	116	1003	1003	1203	0	200	2	95
17320	117	1003	1002	1202	1	200	2	95
17320	118	1002	1002	1202	0	200	2	95
17320	119	1000	999	1201	1	202	2	95
17320	120	1002	1002	1204	0	202	2	95
17320	121	1002	1002	1206	0	204	2	95
17320	122	1002	1002	1206	0	204	2	95
17320	123	1003	1003	1203	0	200	2	95
17320	124	1003	1002	1204	1	202	2	95
17320	125	1003	1003	1203	0	200	2	95
17320	126	1002	1003	1203	-1	200	2	95
17320	127	1002	1003	1205	-1	202	2	95
17320	128	1002	1002	1204	0	202	2	95
17320	129	1003	1002	1204	1	202	2	95
17320	130	1003	1002	1204	1	202	2	95
17320	131	999	998	1200	1	202	2	95
17320	132	1003	1002	1204	1	202	2	95
17320	133	1003	1002	1202	1	200	2	95
17320	134	1002	1003	1205	-1	202	2	95
17320	135	1003	1003	1203	0	200	2	95
17320	136	1002	1002	1205	0	203	2	95
17320	137	1002	1002	1204	0	202	2	95
17320	138	1003	1002	1204	1	202	2	95
17320	139	1003	1002	1204	1	202	2	95
17320	140	1002	1003	1205	-1	202	2	95
17320	141	1002	1002	1204	0	202	2	95
17320	142	1003	1002	1202	1	200	2	95
17320	143	999	1000	1202	-1	202	2	95
17320	144	1001	1001	1205	0	204	2	95
17320	145	1003	1002	1204	1	202	2	95
17320	146	1002	1002	1204	0	202	2	95
17320	147	1003	1003	1203	0	200	2	95
17320	148	1003	1003	1203	0	200	2	95
17320	149	1003	1003	1203	0	200	2	95
17320	150	1002	1003	1205	-1	202	2	95
17320	151	1003	1002	1204	1	202	2	95
17320	152	1002	1002	1204	0	202	2	95
17320	153	1002	1002	1204	0	202	2	95
17320	154	1002	1002	1204	0	202	2	95
17320	155	1002	1002	1202	0	200	2	95
17320	156	999	999	1201	0	202	2	95
17320	157	1002	1003	1205	-1	202	2	95
17320	158	1002	1003	1203	-1	200	2	95
17320	159	1003	1003	1203	0	200	2	95
17320	160	1002	1002	1204	0	202	2	95
17320	161	1002	1002	1204	0	202	2	95
17320	162	1003	1003	1203	0	200	2	95
17320	163	1003	1002	1204	1	202	2	95
17320	164	1002	1002	1206	0	204	2	95
17320	165	1003	1003	1203	0	200	2	95
17320	166	1002	1002	1204	0	202	2	95
17320	167	1002	1002	1204	0	202	2	95
17320	168	999	999	1201	0	202	2	95
17320	169	1002	1002	1204	0	202	2	95
17320	170	1002	1002	1204	0	202	2	95
17320	171	1003	1002	1204	1	202	2	95
17320	172	1002	1002	1206	0	204	2	95
17320	173	1003	1003	1203	0	200	2	95
17320	174	1002	1002	1204	0	202	2	95
17320	175	1002	1003	1205	-1	202	2	95
17320	176	1003	1002	1204	1	202	2	95
17320	177	1003	1002	1204	1	202	2	95
17320	178	1003	1002	1204	1	202	2	95
17320	179	1002	1002	1204	0	202	2	95
17320	180	1000	1000	1202	0	202	2	95
17320	181	1001	1002	1202	-1	200	2	95
17320	182	1003	1002	1204	1	202	2	95
17320	183	1002	1002	1204	0	202	2	95
17320	184	1002	1002	1206	0	204	2	95
17320	185	1002	1003	1203	-1	200	2	95
17320	186	1003	1002	1204	1	202	2	95
17320	187	1002	1002	1206	0	204	2	95
17320	188	1002	1003	1203	-1	200	2	95
17320	189	1003	1003	1203	0	200	2	95
17320	190	1002	1003	1205	-1	202	2	95
17320	191	1002	1003	1205	-1	202	2	95
17320	192	1002	1002	1204	0	202	2	95
17320	193	999	999	1201	0	202	2	95
17320	194	1002	1002	1204	0	202	2	95
17320	195	1003	1002	1204	1	202	2	95
17320	196	1003	1002	1202	1	200	2	95
17320	197	1003	1003	1203	0	200	2	95
17320	198	1002	1002	1204	0	202	2	95
17320	199	1003	1002	1204	1	202	2	95
17320	200	1003	1003	1203	0	200	2	95
17320	201	1002	1002	1204	0	202	2	95
17320	202	1003	1003	1203	0	200	2	95
17320	203	1002	1002	1205	0	203	2	95
17320	204	1002	1002	1204	0	202	2	95
17320	205	999	999	1199	0	200	2	95
17320	206	1003	1003	1203	0	200	2	95
17320	207	1003	1003	1204	0	201	2	95
17320	208	1002	1003	1205	-1	202	2	95
17320	209	1002	1002	1204	0	202	2	95
17320	210	1003	1003	1203	0	200	2	95
17320	211	1002	1002	1206	0	204	2	95
17320	212	1002	1002	1204	0	202	2	95
17320	213	1002	1002	1204	0	202	2	95
17320	214	1002	1002	1204	0	202	2	95
17320	215	1003	1002	1204	1	202	2	95
17320	216	1002	1002	1204	0	202	2	95
17320	217	998	999	1201	-1	202	2	95
17320	218	1002	1002	1204	0	202	2	95
17320	219	1002	1002	1204	0	202	2	95
17320	220	1003	1002	1204	1	202	2	95
17320	221	1003	1003	1203	0	200	2	95
17320	222	1003	1003	1203	0	200	2	95
17320	223	1002	1003	1204	-1	201	2	95
17320	224	1002	1003	1203	-1	200	2	95
17320	225	1002	1002	1204	0	202	2	95
17320	226	1002	1002	1204	0	202	2	95
17320	227	1002	1002	1204	0	202	2	95
17320	228	1002	1002	1204	0	202	2	95
17320	229	1000	1000	1202	0	202	2	95
17320	230	1001	1001	1203	0	202	2	95
17320	231	1003	1002	1204	1	202	2	95
17320	232	1003	1002	1204	1	202	2	95
17320	233	1003	1002	1204	1	202	2	95
17320	234	1002	1003	1203	-1	200	2	95
17320	235	1002	1002	1204	0	202	2	95
17320	236	1003	1003	1203	0	200	2	95
17320	237	1002	1002	1204	0	202	2	95
17320	238	1002	1002	1206	0	204	2	95
17320	239	1002	1003	1203	-1	200	2	95
17320	240	1003	1002	1204	1	202	2	95
17320	241	1000	1001	1203	-1	202	2	95
17320	242	1001	1001	1201	0	200	2	95
17320	243	1003	1002	1202	1	200	2	95
17320	244	1003	1002	1202	1	200	2	95
17320	245	1003	1003	1203	0	200	2	95
17320	246	1002	1002	1204	0	202	2	95
17320	247	1003	1002	1204	1	202	2	95
17320	248	1003	1003	1203	0	200	2	95
17320	249	1003	1002	1204	1	202	2	95
17320	250	1003	1003	1203	0	200	2	95
17320	251	1002	1003	1205	-1	202	2	95
17320	252	1002	1002	1204	0	202	2	95
17320	253	1001	1001	1205	0	204	2	95
17320	254	999	999	1201	0	202	2	95
17320	255	1003	1002	1204	1	202	2	95
17320	256	1002	1003	1205	-1	202	2	95
17320	257	1003	1002	1204	1	202	2	95
17320	258	1002	1002	1204	0	202	2	95
17320	259	1003	1003	1203	0	200	2	95
17320	260	1003	1002	1202	1	200	2	95
17320	261	1003	1002	1204	1	202	2	95
17320	262	1002	1002	1204	0	202	2	95
17320	263	1002	1002	1205	0	203	2	95
17320	264	1002	1002	1204	0	202	2	95
17320	265	1002	1003	1203	-1	200	2	95
17320	266	998	999	1201	-1	202	2	95
17320	267	1002	1003	1205	-1	202	2	95
17320	268	1003	1003	1203	0	200	2	95
17320	269	1003	1003	1203	0	200	2	95
17320	270	1002	1002	1208	0	206	2	95
17320	271	1002	1002	1204	0	202	2	95
17320	272	1002	1002	1204	0	202	2	95
17320	273	1003	1002	1204	1	202	2	95
17320	274	1003	1002	1202	1	200	2	95
17320	275	1002	1002	1204	0	202	2	95
17320	276	1002	1003	1205	-1	202	2	95
17320	277	1002	1002	1204	0	202	2	95
17320	278	999	999	1199	0	200	2	95
17320	279	1003	1003	1203	0	200	2	95
17320	280	1002	1002	1206	0	204	2	95
17320	281	1002	1002	1206	0	204	2	95
17320	282	1002	1002	1205	0	203	2	95
17320	283	1002	1003	1205	-1	202	2	95
17320	284	1003	1002	1204	1	202	2	95
17320	285	1003	1002	1204	1	202	2	95
17320	286	1002	1002	1206	0	204	2	95
17320	287	1002	1002	1206	0	204	2	95
17320	288	1003	1003	1203	0	200	2	95
17320	289	1002	1002	1206	0	204	2	95
17320	290	1000	1001	1201	-1	200	2	95
17320	291	1001	1000	1202	1	202	2	95
17320	292	1002	1002	1204	0	202	2	95
17320	293	1002	1002	1204	0	202	2	95
17320	294	1002	1002	1206	0	204	2	95
17320	295	1002	1002	1204	0	202	2	95
17320	296	1003	1003	1203	0	200	2	95
17320	297	1002	1002	1206	0	204	2	95
17320	298	1002	1002	1204	0	202	2	95
17320	299	1002	1003	1205	-1	202	2	95
17320	300	1002	1002	1206	0	204	2	95
