ITERNUM	METIME	PRTIME	TPRTIME	DIFF	TDIFF	NRPROCS	NPROCS
1	1051	1047	1054	4	-3	6	180
2	1046	1046	1048	0	-2	2	179
3	1045	1046	1047	-1	-2	2	181
4	1046	1046	1048	0	-2	2	180
5	1050	1048	1052	2	-2	3	180
6	1048	1047	1049	1	-1	3	180
7	1045	1045	1047	0	-2	2	179
8	1047	1045	1046	2	1	2	179
9	1046	1046	1048	0	-2	2	179
10	1064	1054	1065	10	-1	6	180
11	1059	1048	1060	11	-1	6	182
12	1046	1046	1047	0	-1	2	177
13	1047	1048	1049	-1	-2	2	178
14	1045	1045	1047	0	-2	2	177
15	1046	1045	1048	1	-2	3	178
16	1048	1047	1050	1	-2	3	177
17	1046	1045	1048	1	-2	4	177
18	1059	1051	1061	8	-2	5	179
19	1045	1045	1047	0	-2	2	177
20	1046	1046	1048	0	-2	2	179
21	1047	1045	1050	2	-3	5	179
22	1045	1045	1047	0	-2	2	177
23	1051	1047	1054	4	-3	4	178
24	1045	1045	1047	0	-2	2	177
25	1045	1045	1047	0	-2	3	178
26	1110	1068	1111	42	-1	7	181
27	1046	1046	1047	0	-1	2	179
28	1046	1045	1048	1	-2	3	179
29	1045	1045	1046	0	-1	2	180
30	1046	1047	1048	-1	-2	2	180
31	1056	1049	1058	7	-2	5	179
32	1048	1045	1050	3	-2	4	180
33	1046	1046	1048	0	-2	2	180
34	1047	1046	1048	1	-1	2	180
35	1046	1045	1047	1	-1	2	180
36	1048	1047	1050	1	-2	2	180
37	1047	1046	1050	1	-3	3	179
38	1048	1046	1050	2	-2	3	180
39	1049	1046	1051	3	-2	3	179
40	1046	1046	1048	0	-2	3	180
41	1045	1045	1046	0	-1	2	179
42	1060	1054	1060	6	0	3	179
43	1049	1047	1050	2	-1	3	179
44	1045	1045	1046	0	-1	2	178
45	1046	1045	1047	1	-1	3	178
46	1047	1047	1049	0	-2	2	177
47	1046	1046	1048	0	-2	2	178
48	1049	1047	1051	2	-2	4	178
49	1046	1044	1048	2	-2	4	178
50	1042	1043	1045	-1	-3	2	178
51	1044	1041	1043	3	1	2	178
52	1041	1041	1043	0	-2	2	178
53	1045	1044	1046	1	-1	3	178
54	1043	1043	1044	0	-1	2	177
55	1047	1043	1049	4	-2	4	178
56	1043	1043	1046	0	-3	3	177
57	1045	1045	1046	0	-1	2	177
58	1094	1056	1097	38	-3	6	181
59	1046	1045	1048	1	-2	2	179
60	1046	1045	1047	1	-1	2	181
61	1048	1044	1050	4	-2	5	180
62	1044	1044	1046	0	-2	2	179
63	1053	1048	1055	5	-2	4	179
64	1052	1048	1054	4	-2	6	179
65	1045	1045	1047	0	-2	2	179
66	1047	1045	1049	2	-2	4	179
67	1045	1045	1046	0	-1	2	180
68	1046	1046	1047	0	-1	2	179
69	1050	1049	1052	1	-2	3	179
70	1046	1044	1048	2	-2	4	180
71	1052	1046	1052	6	0	5	180
72	1046	1046	1047	0	-1	2	179
73	1045	1044	1046	1	-1	2	179
74	1070	1053	1071	17	-1	9	186
75	1048	1048	1050	0	-2	3	178
76	1048	1047	1050	1	-2	3	177
77	1046	1044	1046	2	0	3	178
78	1046	1045	1046	1	0	2	177
79	1047	1046	1048	1	-1	2	178
80	1045	1045	1048	0	-3	3	178
81	1048	1046	1050	2	-2	3	177
82	1048	1048	1050	0	-2	2	177
83	1048	1048	1050	0	-2	2	179
84	1046	1046	1048	0	-2	2	178
85	1048	1047	1050	1	-2	3	178
86	1047	1047	1049	0	-2	3	177
87	1050	1047	1053	3	-3	4	178
88	1047	1046	1049	1	-2	2	178
89	1046	1045	1047	1	-1	3	178
90	1050	1047	1052	3	-2	4	178
91	1072	1057	1074	15	-2	3	180
92	1047	1045	1048	2	-1	3	180
93	1049	1047	1051	2	-2	3	180
94	1045	1045	1046	0	-1	2	179
95	1053	1048	1055	5	-2	4	179
96	1052	1047	1053	5	-1	3	179
97	1045	1044	1048	1	-3	3	180
98	1047	1048	1049	-1	-2	2	180
99	1048	1046	1049	2	-1	3	179
100	1046	1046	1047	0	-1	2	183
101	1051	1047	1053	4	-2	6	180
102	1046	1045	1047	1	-1	2	179
103	1050	1047	1051	3	-1	3	179
104	1047	1045	1049	2	-2	5	179
105	1044	1044	1045	0	-1	2	179
106	1074	1054	1076	20	-2	11	185
107	1053	1048	1054	5	-1	5	179
108	1045	1046	1048	-1	-3	2	178
109	1048	1047	1050	1	-2	4	177
110	1046	1045	1047	1	-1	2	177
111	1047	1046	1049	1	-2	3	178
112	1046	1046	1048	0	-2	2	177
113	1046	1045	1047	1	-1	2	177
114	1049	1046	1049	3	0	4	179
115	1046	1045	1048	1	-2	3	178
116	1047	1045	1047	2	0	2	177
117	1048	1047	1051	1	-3	4	178
118	1046	1046	1047	0	-1	2	177
119	1050	1046	1052	4	-2	4	178
120	1046	1045	1048	1	-2	3	178
121	1047	1045	1049	2	-2	3	177
122	1048	1046	1050	2	-2	5	179
123	1046	1045	1048	1	-2	3	179
124	1046	1046	1048	0	-2	2	178
125	1104	1061	1106	43	-2	6	182
126	1046	1046	1047	0	-1	2	179
127	1052	1044	1051	8	1	4	179
128	1048	1046	1050	2	-2	3	179
129	1049	1047	1051	2	-2	3	180
130	1046	1046	1048	0	-2	2	179
131	1048	1048	1050	0	-2	2	179
132	1045	1044	1046	1	-1	2	180
133	1046	1046	1048	0	-2	2	179
134	1048	1046	1050	2	-2	3	179
135	1050	1047	1052	3	-2	3	179
136	1048	1046	1050	2	-2	3	179
137	1045	1046	1047	-1	-2	2	180
138	1062	1051	1062	11	0	7	186
139	1046	1046	1049	0	-3	3	179
140	1042	1040	1043	2	-1	3	181
141	1055	1049	1057	6	-2	5	179
142	1044	1041	1047	3	-3	3	178
143	1044	1042	1046	2	-2	3	177
144	1044	1044	1047	0	-3	3	178
145	1043	1043	1045	0	-2	2	177
146	1044	1043	1045	1	-1	2	177
147	1047	1045	1049	2	-2	4	178
148	1045	1042	1046	3	-1	4	178
149	1048	1046	1049	2	-1	4	177
150	1046	1045	1046	1	0	2	177
151	1046	1046	1047	0	-1	2	178
152	1049	1047	1050	2	-1	3	178
153	1047	1047	1049	0	-2	3	178
154	1054	1045	1056	9	-2	7	179
155	1046	1046	1047	0	-1	2	178
156	1048	1046	1050	2	-2	3	177
157	1097	1061	1098	36	-1	8	182
158	1046	1047	1048	-1	-2	2	179
159	1075	1059	1078	16	-3	5	181
160	1047	1046	1048	1	-1	2	179
161	1046	1047	1048	-1	-2	2	179
162	1049	1049	1050	0	-1	2	181
163	1045	1046	1047	-1	-2	2	180
164	1050	1047	1051	3	-1	4	180
165	1046	1045	1046	1	0	2	179
166	1045	1045	1047	0	-2	3	180
167	1050	1045	1052	5	-2	4	180
168	1047	1046	1048	1	-1	3	180
169	1049	1049	1052	0	-3	3	180
170	1057	1050	1059	7	-2	6	185
171	1045	1046	1047	-1	-2	2	180
172	1047	1048	1050	-1	-3	2	180
173	1055	1051	1058	4	-3	3	179
174	1049	1045	1049	4	0	4	178
175	1047	1046	1049	1	-2	3	177
176	1047	1045	1048	2	-1	3	177
177	1177	1066	1171	111	6	71	363
178	1045	1044	1047	1	-2	2	177
179	1091	1060	1092	31	-1	4	181
180	1047	1045	1048	2	-1	3	177
181	1046	1047	1049	-1	-3	2	178
182	1049	1046	1051	3	-2	3	177
183	1046	1046	1048	0	-2	2	177
184	1047	1046	1049	1	-2	3	177
185	1049	1049	1051	0	-2	3	177
186	1046	1046	1049	0	-3	2	178
187	1046	1045	1048	1	-2	2	178
188	1067	1052	1069	15	-2	4	179
189	1047	1047	1049	0	-2	2	179
190	1049	1045	1051	4	-2	5	180
191	1048	1046	1050	2	-2	3	180
192	1048	1049	1051	-1	-3	2	180
193	1049	1046	1049	3	0	3	180
194	1047	1047	1049	0	-2	3	179
195	1050	1048	1051	2	-1	3	180
196	1048	1048	1049	0	-1	2	179
197	1046	1046	1047	0	-1	2	180
198	1046	1045	1047	1	-1	2	180
199	1049	1047	1050	2	-1	2	179
200	1060	1049	1061	11	-1	8	187
201	1047	1044	1046	3	1	2	180
202	1047	1046	1049	1	-2	2	180
204	1045	1044	1047	1	-2	3	177
205	1042	1042	1044	0	-2	2	177
206	1046	1041	1048	5	-2	5	177
207	1043	1040	1044	3	-1	4	177
208	1046	1043	1048	3	-2	5	177
209	1044	1043	1046	1	-2	3	178
210	1045	1046	1048	-1	-3	2	178
211	1045	1045	1048	0	-3	2	177
212	1104	1061	1105	43	-1	7	180
213	1054	1048	1056	6	-2	5	180
214	1049	1048	1052	1	-3	3	180
215	1047	1045	1048	2	-1	3	180
216	1047	1046	1049	1	-2	3	180
217	1048	1047	1050	1	-2	2	179
218	1049	1048	1051	1	-2	3	180
219	1045	1044	1046	1	-1	2	179
220	1047	1047	1049	0	-2	3	180
221	1047	1046	1049	1	-2	2	180
222	1047	1048	1050	-1	-3	2	179
223	1046	1045	1048	1	-2	2	179
224	1057	1048	1058	9	-1	6	186
225	1048	1046	1049	2	-1	3	180
226	1053	1045	1048	8	5	3	180
227	1048	1047	1050	1	-2	3	179
228	1049	1046	1050	3	-1	3	179
229	1046	1046	1047	0	-1	2	177
230	1048	1046	1051	2	-3	4	178
231	1046	1046	1049	0	-3	2	177
232	1046	1045	1048	1	-2	2	177
233	1045	1046	1048	-1	-3	3	178
234	1048	1046	1050	2	-2	3	178
235	1048	1046	1050	2	-2	3	177
236	1045	1045	1047	0	-2	2	177
237	1049	1045	1051	4	-2	3	177
238	1049	1047	1051	2	-2	4	178
239	1047	1047	1049	0	-2	3	178
240	1049	1049	1051	0	-2	2	177
241	1045	1043	1047	2	-2	4	179
242	1046	1045	1048	1	-2	2	177
243	1091	1060	1094	31	-3	7	182
244	1056	1047	1058	9	-2	5	179
245	1045	1045	1046	0	-1	2	179
246	1048	1047	1050	1	-2	3	179
247	1045	1046	1047	-1	-2	2	179
248	1046	1047	1048	-1	-2	2	179
249	1050	1047	1050	3	0	3	179
250	1046	1045	1048	1	-2	2	180
251	1046	1046	1047	0	-1	2	180
252	1046	1046	1049	0	-3	2	179
253	1047	1047	1048	0	-1	2	179
254	1050	1047	1052	3	-2	5	181
255	1046	1045	1048	1	-2	3	180
256	1048	1043	1048	5	0	4	179
257	1046	1046	1048	0	-2	2	180
258	1046	1046	1048	0	-2	2	179
259	1055	1049	1055	6	0	4	180
260	1046	1045	1047	1	-1	3	178
261	1047	1048	1049	-1	-2	2	177
262	1045	1046	1048	-1	-3	2	179
263	1046	1046	1048	0	-2	2	179
264	1048	1046	1049	2	-1	4	178
265	1048	1046	1050	2	-2	4	178
266	1047	1045	1048	2	-1	3	177
267	1046	1045	1048	1	-2	2	177
268	1045	1045	1046	0	-1	2	177
269	1046	1046	1047	0	-1	2	178
270	1048	1047	1049	1	-1	3	177
271	1047	1048	1050	-1	-3	3	177
272	1046	1046	1047	0	-1	2	178
273	1046	1045	1047	1	-1	2	178
274	1046	1046	1048	0	-2	2	177
275	1105	1064	1108	41	-3	6	180
276	1045	1044	1047	1	-2	3	179
277	1046	1046	1049	0	-3	3	180
278	1046	1046	1048	0	-2	2	180
279	1049	1048	1052	1	-3	3	179
280	1059	1049	1060	10	-1	6	181
281	1045	1046	1048	-1	-3	2	179
282	1046	1046	1048	0	-2	2	180
283	1046	1045	1047	1	-1	2	179
284	1051	1047	1053	4	-2	4	180
285	1047	1047	1048	0	-1	2	179
286	1061	1045	1062	16	-1	8	185
287	1047	1046	1048	1	-1	3	180
288	1046	1046	1047	0	-1	2	180
289	1048	1048	1049	0	-1	2	179
290	1046	1046	1047	0	-1	2	179
291	1046	1045	1049	1	-3	3	180
292	1042	1041	1043	1	-1	2	180
293	1041	1042	1043	-1	-2	2	179
294	1044	1044	1046	0	-2	3	181
295	1040	1041	1043	-1	-3	2	180
296	1049	1043	1051	6	-2	4	179
297	1043	1042	1046	1	-3	3	178
298	1042	1042	1044	0	-2	2	177
299	1048	1047	1051	1	-3	3	178
300	1048	1045	1051	3	-3	3	177
301	1046	1045	1049	1	-3	3	177
302	1047	1044	1047	3	0	3	179
303	1045	1046	1048	-1	-3	2	178
304	1048	1043	1050	5	-2	5	178
305	1045	1045	1046	0	-1	2	177
306	1045	1046	1047	-1	-2	2	178
307	1056	1049	1059	7	-3	5	178
308	1047	1046	1048	1	-1	3	178
309	1062	1054	1064	8	-2	3	180
310	1106	1056	1107	50	-1	6	180
311	1047	1047	1048	0	-1	2	180
312	1051	1048	1052	3	-1	4	180
313	1047	1046	1049	1	-2	3	179
314	1046	1046	1049	0	-3	2	179
315	1047	1045	1048	2	-1	3	179
316	1047	1046	1048	1	-1	3	180
317	1049	1048	1051	1	-2	3	180
318	1047	1046	1049	1	-2	3	179
319	1046	1046	1048	0	-2	2	181
320	1047	1046	1049	1	-2	4	179
321	1046	1044	1046	2	0	3	180
322	1048	1046	1048	2	0	3	179
323	1049	1048	1051	1	-2	3	180
324	1046	1047	1049	-1	-3	2	179
325	1048	1048	1051	0	-3	2	179
326	1048	1047	1050	1	-2	4	177
327	1048	1048	1050	0	-2	3	177
328	1045	1044	1047	1	-2	3	178
329	1047	1046	1048	1	-1	3	178
330	1047	1046	1048	1	-1	2	177
331	1047	1043	1047	4	0	5	177
332	1049	1047	1050	2	-1	3	179
333	1046	1046	1048	0	-2	2	178
334	1046	1045	1047	1	-1	3	177
335	1046	1045	1048	1	-2	3	178
336	1045	1044	1047	1	-2	2	177
337	1102	1058	1105	44	-3	6	179
338	1045	1045	1046	0	-1	2	177
339	1046	1047	1048	-1	-2	2	177
340	1100	1076	1103	24	-3	7	181
341	1045	1045	1046	0	-1	2	180
342	1049	1048	1051	1	-2	3	180
343	1045	1045	1046	0	-1	2	179
344	1046	1046	1047	0	-1	2	180
345	1051	1049	1054	2	-3	4	180
346	1045	1045	1047	0	-2	2	180
347	1049	1045	1050	4	-1	4	180
348	1060	1044	1058	16	2	7	186
349	1046	1045	1048	1	-2	3	180
350	1048	1048	1051	0	-3	2	180
351	1045	1045	1047	0	-2	2	179
352	1048	1047	1049	1	-1	3	180
353	1048	1045	1049	3	-1	4	179
354	1053	1046	1055	7	-2	4	179
355	1060	1046	1060	14	0	5	183
356	1175	1048	1173	127	2	43	274
357	1045	1046	1048	-1	-3	2	181
358	1051	1049	1053	2	-2	4	180
359	1046	1046	1048	0	-2	2	179
360	1060	1047	1061	13	-1	5	179
361	1046	1045	1047	1	-1	2	179
362	1049	1045	1050	4	-1	3	179
363	1050	1048	1052	2	-2	3	179
364	1144	1060	1147	84	-3	5	181
365	1377	1057	1377	320	0	5	181
366	1068	1052	1070	16	-2	4	181
367	1047	1047	1049	0	-2	2	180
368	1045	1045	1047	0	-2	2	179
369	1061	1058	1062	3	-1	4	179
370	1047	1046	1048	1	-1	2	179
371	1107	1062	1109	45	-2	4	181
372	1047	1046	1048	1	-1	3	179
373	1046	1047	1048	-1	-2	2	180
374	1045	1044	1047	1	-2	3	179
375	1051	1047	1053	4	-2	5	180
376	1122	1042	1124	80	-2	5	179
377	1045	1044	1047	1	-2	2	179
378	1058	1045	1059	13	-1	8	187
379	1043	1042	1043	1	0	2	180
380	1044	1045	1046	-1	-2	2	180
381	1045	1042	1047	3	-2	3	179
382	1042	1042	1043	0	-1	2	179
383	1046	1041	1048	5	-2	6	180
384	1042	1042	1045	0	-3	3	180
385	1069	1049	1069	20	0	13	195
386	1046	1045	1046	1	0	2	180
387	1049	1047	1051	2	-2	3	179
388	1049	1046	1051	3	-2	5	178
389	1046	1045	1047	1	-1	2	177
390	1047	1046	1049	1	-2	3	177
391	1045	1045	1048	0	-3	2	177
392	1045	1046	1047	-1	-2	2	178
393	1048	1046	1049	2	-1	3	178
394	1046	1044	1047	2	-1	2	177
395	1045	1043	1048	2	-3	4	179
396	1047	1046	1048	1	-1	3	178
397	1047	1046	1048	1	-1	2	177
398	1048	1047	1049	1	-1	2	177
399	1045	1046	1048	-1	-3	2	177
400	1046	1046	1048	0	-2	2	177
401	1048	1048	1050	0	-2	2	177
402	1098	1059	1101	39	-3	9	182
403	1046	1045	1048	1	-2	2	180
404	1047	1047	1049	0	-2	3	179
405	1045	1044	1047	1	-2	2	179
406	1048	1049	1050	-1	-2	2	180
407	1047	1047	1048	0	-1	2	180
408	1051	1047	1054	4	-3	4	180
409	1049	1046	1052	3	-3	4	181
410	1045	1046	1048	-1	-3	2	180
411	1046	1047	1049	-1	-3	2	179
412	1046	1046	1048	0	-2	2	180
413	1046	1045	1047	1	-1	2	179
414	1050	1048	1051	2	-1	3	180
415	1047	1046	1048	1	-1	3	179
416	1055	1052	1055	3	0	4	179
417	1046	1045	1047	1	-1	2	174
418	1057	1051	1058	6	-1	3	173
419	1082	1059	1082	23	0	4	173
420	1045	1046	1048	-1	-3	2	170
421	1045	1046	1047	-1	-2	2	170
422	1050	1046	1051	4	-1	5	170
423	1046	1045	1047	1	-1	2	171
424	1047	1046	1049	1	-2	3	170
425	1045	1045	1047	0	-2	2	171
426	1046	1045	1047	1	-1	2	171
427	1057	1049	1058	8	-1	5	171
428	1045	1045	1046	0	-1	2	170
429	1047	1046	1049	1	-2	4	170
430	1052	1048	1054	4	-2	3	170
431	1045	1045	1047	0	-2	2	171
432	1048	1046	1050	2	-2	5	171
433	1053	1051	1055	2	-2	3	172
434	1056	1047	1057	9	-1	3	174
435	1046	1046	1048	0	-2	3	172
436	1046	1046	1047	0	-1	2	173
437	1045	1045	1047	0	-2	2	172
438	1047	1046	1049	1	-2	3	173
439	1050	1046	1050	4	0	3	172
440	1054	1049	1055	5	-1	5	177
441	1045	1045	1046	0	-1	2	172
442	1048	1047	1050	1	-2	3	172
443	1047	1046	1049	1	-2	2	172
444	1046	1046	1047	0	-1	2	172
445	1049	1049	1051	0	-2	3	173
446	1047	1045	1049	2	-2	3	173
447	1047	1046	1049	1	-2	3	173
448	1046	1045	1047	1	-1	2	174
449	1053	1048	1055	5	-2	4	173
450	1059	1055	1061	4	-2	3	172
451	1045	1044	1046	1	-1	2	170
452	1046	1046	1048	0	-2	3	171
453	1048	1046	1050	2	-2	3	171
454	1045	1046	1047	-1	-2	2	170
455	1050	1045	1052	5	-2	5	172
456	1047	1047	1050	0	-3	3	171
457	1045	1046	1047	-1	-2	2	171
458	1049	1047	1051	2	-2	3	171
459	1045	1044	1047	1	-2	3	170
460	1046	1046	1048	0	-2	2	170
461	1054	1043	1056	11	-2	7	170
462	1045	1045	1047	0	-2	2	171
463	1047	1046	1049	1	-2	3	170
464	1045	1045	1048	0	-3	2	170
465	1080	1061	1081	19	-1	4	174
466	1041	1041	1043	0	-2	2	172
467	1044	1044	1046	0	-2	2	173
468	1041	1040	1042	1	-1	2	172
469	1044	1042	1045	2	-1	3	172
470	1046	1043	1049	3	-3	3	172
471	1047	1045	1049	2	-2	4	173
472	1053	1046	1054	7	-1	4	172
473	1046	1045	1048	1	-2	2	174
474	1047	1048	1049	-1	-2	2	172
475	1046	1046	1048	0	-2	2	173
476	1047	1046	1049	1	-2	4	172
477	1049	1046	1051	3	-2	4	173
478	1047	1047	1049	0	-2	2	172
479	1048	1047	1050	1	-2	3	172
480	1046	1047	1048	-1	-2	2	172
481	1061	1050	1062	11	-1	5	172
482	1047	1047	1049	0	-2	3	171
483	1046	1046	1047	0	-1	2	171
484	1047	1046	1049	1	-2	4	171
485	1047	1046	1048	1	-1	2	171
486	1051	1046	1052	5	-1	4	171
487	1048	1047	1049	1	-1	2	171
488	1045	1045	1048	0	-3	2	170
489	1048	1047	1049	1	-1	3	171
490	1046	1045	1047	1	-1	2	170
491	1046	1045	1047	1	-1	2	170
492	1049	1047	1051	2	-2	4	171
493	1046	1045	1047	1	-1	2	170
494	1048	1048	1049	0	-1	2	170
495	1047	1045	1049	2	-2	3	172
496	1046	1046	1048	0	-2	2	171
497	1080	1054	1082	26	-2	5	175
498	1046	1045	1047	1	-1	3	172
499	1046	1045	1048	1	-2	3	172
500	1046	1045	1046	1	0	2	173
501	1046	1047	1048	-1	-2	2	173
502	1052	1047	1054	5	-2	5	173
503	1047	1045	1049	2	-2	3	173
504	1047	1044	1049	3	-2	4	173
505	1046	1046	1047	0	-1	2	173
506	1046	1046	1048	0	-2	2	172
507	1048	1045	1050	3	-2	4	172
508	1047	1045	1049	2	-2	4	172
509	1049	1047	1051	2	-2	3	172
510	1045	1044	1047	1	-2	4	172
511	1046	1047	1048	-1	-2	2	172
512	1047	1046	1048	1	-1	3	174
513	1064	1056	1065	8	-1	6	175
514	1045	1046	1047	-1	-2	2	170
515	1048	1047	1050	1	-2	3	170
516	1046	1045	1047	1	-1	2	170
517	1047	1046	1050	1	-3	3	170
518	1050	1047	1053	3	-3	5	170
519	1046	1045	1047	1	-1	2	171
520	1086	1059	1088	27	-2	5	173
521	1052	1046	1053	6	-1	4	171
522	1044	1045	1047	-1	-3	2	171
523	1050	1048	1051	2	-1	3	172
524	1047	1045	1049	2	-2	4	172
525	1048	1046	1050	2	-2	3	172
526	1046	1045	1048	1	-2	2	174
527	1085	1046	1088	39	-3	5	172
528	1069	1050	1071	19	-2	6	174
529	1082	1057	1084	25	-2	4	173
530	1071	1063	1073	8	-2	4	174
531	1046	1046	1048	0	-2	2	173
532	1048	1049	1051	-1	-3	2	173
533	1046	1046	1049	0	-3	2	175
534	1077	1056	1078	21	-1	8	179
535	1045	1044	1047	1	-2	3	174
536	1046	1043	1046	3	0	2	173
537	1049	1050	1051	-1	-2	2	174
538	1048	1046	1050	2	-2	4	174
539	1049	1044	1051	5	-2	5	174
540	1047	1047	1049	0	-2	2	174
541	1045	1045	1046	0	-1	2	174
542	1049	1048	1051	1	-2	3	174
543	1045	1045	1047	0	-2	2	174
544	1049	1044	1049	5	0	5	173
545	1048	1045	1050	3	-2	4	172
546	1045	1045	1047	0	-2	3	171
547	1047	1047	1049	0	-2	2	171
548	1047	1046	1048	1	-1	3	171
549	1046	1045	1047	1	-1	2	171
550	1049	1047	1050	2	-1	4	173
551	1302	1043	1304	259	-2	5	172
552	1045	1045	1047	0	-2	2	171
553	1044	1043	1045	1	-1	2	171
554	1043	1040	1045	3	-2	4	171
555	1044	1043	1045	1	-1	3	172
556	1043	1042	1044	1	-1	2	171
557	1041	1041	1042	0	-1	2	171
558	1041	1041	1042	0	-1	2	171
559	1078	1055	1081	23	-3	6	175
560	1051	1050	1053	1	-2	3	173
561	1048	1046	1050	2	-2	3	174
562	1046	1046	1047	0	-1	2	174
563	1047	1046	1049	1	-2	3	173
564	1051	1045	1054	6	-3	7	175
565	1058	1045	1061	13	-3	7	180
566	1047	1048	1049	-1	-2	2	173
567	1048	1047	1049	1	-1	2	174
568	1048	1048	1049	0	-1	2	173
569	1048	1046	1049	2	-1	3	174
570	1047	1045	1048	2	-1	3	173
571	1047	1047	1050	0	-3	3	173
572	1046	1046	1048	0	-2	2	175
573	1048	1046	1049	2	-1	3	174
574	1045	1046	1047	-1	-2	2	174
575	1058	1052	1060	6	-2	4	173
576	1059	1050	1061	9	-2	3	173
577	1045	1046	1047	-1	-2	2	172
578	1047	1048	1049	-1	-2	2	172
579	1045	1046	1047	-1	-2	2	172
580	1050	1047	1052	3	-2	4	171
581	1047	1047	1049	0	-2	2	171
582	1045	1046	1047	-1	-2	2	172
583	1049	1048	1051	1	-2	3	171
584	1045	1045	1047	0	-2	3	172
585	1045	1045	1046	0	-1	2	171
586	1054	1047	1056	7	-2	4	171
587	1045	1044	1047	1	-2	3	172
588	1049	1047	1049	2	0	3	172
589	1045	1046	1047	-1	-2	2	171
590	1045	1046	1048	-1	-3	2	173
591	1064	1054	1066	10	-2	4	173
592	1046	1045	1048	1	-2	3	175
593	1045	1045	1046	0	-1	2	174
594	1047	1045	1048	2	-1	3	175
595	1049	1047	1051	2	-2	3	174
596	1048	1046	1050	2	-2	4	174
597	1046	1046	1048	0	-2	2	174
598	1045	1045	1047	0	-2	2	174
599	1048	1047	1049	1	-1	3	175
600	1045	1046	1047	-1	-2	2	174
601	1050	1046	1052	4	-2	5	175
602	1047	1046	1049	1	-2	4	175
603	1049	1047	1051	2	-2	4	175
604	1046	1045	1047	1	-1	2	175
605	1046	1045	1047	1	-1	2	174
606	1048	1047	1049	1	-1	3	175
607	1059	1048	1061	11	-2	6	175
608	1054	1051	1057	3	-3	4	174
609	1048	1047	1050	1	-2	3	172
610	1045	1044	1046	1	-1	2	171
611	1047	1045	1049	2	-2	4	171
612	1047	1046	1049	1	-2	2	173
613	1047	1046	1049	1	-2	2	172
614	1048	1044	1050	4	-2	4	172
615	1045	1046	1048	-1	-3	2	171
616	1047	1046	1048	1	-1	2	171
617	1048	1046	1049	2	-1	3	172
618	1045	1046	1048	-1	-3	2	172
619	1049	1046	1050	3	-1	3	172
620	1047	1047	1049	0	-2	2	172
621	1044	1045	1047	-1	-3	2	172
622	1047	1047	1050	0	-3	3	172
623	1114	1062	1117	52	-3	5	174
624	1046	1045	1048	1	-2	3	173
625	1048	1048	1049	0	-1	2	173
626	1045	1046	1047	-1	-2	2	174
627	1053	1047	1056	6	-3	6	174
628	1058	1044	1059	14	-1	8	179
629	1046	1047	1048	-1	-2	2	175
630	1052	1048	1053	4	-1	3	173
631	1045	1045	1046	0	-1	2	174
632	1048	1047	1050	1	-2	3	173
633	1048	1047	1049	1	-1	3	174
634	1046	1046	1047	0	-1	2	173
635	1049	1046	1050	3	-1	3	173
636	1045	1046	1048	-1	-3	2	173
637	1047	1045	1049	2	-2	3	173
638	1046	1047	1048	-1	-2	2	174
639	1260	1051	1259	209	1	5	173
640	1046	1045	1048	1	-2	2	171
641	1047	1046	1048	1	-1	2	171
642	1048	1044	1050	4	-2	4	173
643	1044	1043	1045	1	-1	3	172
644	1041	1042	1043	-1	-2	2	171
645	1042	1041	1043	1	-1	2	172
646	1044	1042	1045	2	-1	3	171
647	1043	1043	1045	0	-2	3	172
648	1051	1046	1052	5	-1	3	171
649	1048	1048	1050	0	-2	3	171
650	1046	1046	1047	0	-1	2	173
651	1048	1048	1050	0	-2	2	173
652	1046	1046	1047	0	-1	2	172
653	1046	1047	1048	-1	-2	2	171
654	1054	1051	1056	3	-2	5	173
655	1048	1048	1050	0	-2	2	173
656	1047	1046	1049	1	-2	3	174
657	1052	1047	1054	5	-2	4	173
658	1047	1047	1048	0	-1	2	173
659	1046	1046	1049	0	-3	2	174
660	1051	1049	1052	2	-1	3	173
661	1047	1046	1048	1	-1	2	174
662	1047	1047	1048	0	-1	2	173
663	1046	1046	1047	0	-1	2	173
664	1060	1048	1061	12	-1	5	175
665	1048	1046	1049	2	-1	3	173
666	1045	1045	1047	0	-2	2	173
667	1046	1047	1048	-1	-2	2	175
668	1046	1046	1048	0	-2	2	173
669	1058	1054	1059	4	-1	5	174
670	1061	1051	1062	10	-1	5	172
671	1046	1045	1047	1	-1	3	172
672	1045	1046	1047	-1	-2	2	171
673	1050	1045	1050	5	0	4	171
674	1046	1045	1047	1	-1	3	172
675	1059	1045	1062	14	-3	6	172
676	1045	1046	1048	-1	-3	2	171
677	1046	1043	1048	3	-2	3	171
678	1048	1046	1050	2	-2	4	172
679	1053	1045	1053	8	0	4	172
680	1050	1049	1051	1	-1	2	172
681	1045	1044	1048	1	-3	3	172
682	1046	1046	1047	0	-1	2	171
683	1048	1046	1050	2	-2	3	171
684	1049	1046	1050	3	-1	4	171
685	1111	1069	1112	42	-1	7	175
686	1047	1045	1049	2	-2	4	174
687	1045	1044	1047	1	-2	3	173
688	1048	1049	1051	-1	-3	2	173
689	1045	1043	1046	2	-1	4	175
690	1046	1046	1048	0	-2	2	174
691	1048	1048	1050	0	-2	2	174
692	1045	1045	1048	0	-3	2	173
693	1047	1046	1050	1	-3	3	173
694	1045	1043	1046	2	-1	3	173
695	1091	1061	1094	30	-3	7	178
696	1049	1048	1051	1	-2	3	173
697	1045	1045	1048	0	-3	2	173
698	1048	1047	1050	1	-2	3	174
699	1048	1046	1049	2	-1	3	174
700	1046	1045	1048	1	-2	2	173
701	1062	1053	1064	9	-2	6	173
702	1045	1045	1047	0	-2	2	171
703	1047	1046	1048	1	-1	3	172
704	1047	1046	1050	1	-3	3	172
705	1045	1044	1046	1	-1	2	171
706	1049	1049	1051	0	-2	2	173
707	1045	1045	1047	0	-2	2	172
708	1053	1049	1055	4	-2	4	171
709	1047	1046	1049	1	-2	2	171
710	1045	1045	1047	0	-2	2	171
711	1048	1048	1049	0	-1	2	172
712	1045	1045	1046	0	-1	2	171
713	1048	1045	1050	3	-2	3	171
714	1047	1047	1048	0	-1	2	171
715	1046	1046	1049	0	-3	3	171
716	1048	1047	1049	1	-1	3	172
717	1104	1069	1106	35	-2	7	175
718	1046	1046	1047	0	-1	2	173
719	1049	1047	1049	2	0	3	173
720	1049	1047	1049	2	0	3	175
721	1047	1045	1050	2	-3	4	174
722	1046	1047	1048	-1	-2	2	173
723	1050	1047	1052	3	-2	4	174
724	1048	1048	1050	0	-2	2	173
725	1057	1052	1059	5	-2	6	174
726	1048	1047	1051	1	-3	3	173
727	1304	1053	1306	251	-2	5	173
728	1046	1044	1047	2	-1	3	175
729	1044	1042	1046	2	-2	4	174
730	1044	1043	1045	1	-1	3	174
731	1043	1043	1045	0	-2	2	173
732	1043	1044	1045	-1	-2	2	174
733	1043	1041	1044	2	-1	3	173
734	1047	1044	1047	3	0	4	172
735	1042	1043	1044	-1	-2	2	172
736	1047	1044	1049	3	-2	3	172
737	1047	1046	1048	1	-1	3	172
738	1046	1045	1047	1	-1	2	172
739	1046	1046	1047	0	-1	2	171
740	1047	1048	1049	-1	-2	2	171
741	1045	1045	1047	0	-2	2	171
742	1047	1047	1049	0	-2	2	172
743	1045	1045	1046	0	-1	2	172
744	1045	1045	1046	0	-1	2	171
745	1048	1047	1050	1	-2	2	173
746	1047	1045	1049	2	-2	4	172
747	1049	1047	1050	2	-1	3	171
748	1045	1045	1047	0	-2	2	171
749	1058	1056	1060	2	-2	3	173
750	1048	1048	1050	0	-2	2	173
751	1049	1046	1050	3	-1	3	173
752	1048	1046	1049	2	-1	3	174
753	1046	1047	1048	-1	-2	2	174
754	1046	1044	1046	2	0	2	173
755	1048	1046	1049	2	-1	3	173
756	1049	1046	1051	3	-2	3	175
757	1046	1045	1047	1	-1	2	174
758	1047	1046	1049	1	-2	3	173
759	1046	1046	1047	0	-1	2	175
760	1048	1047	1050	1	-2	3	174
761	1046	1046	1048	0	-2	2	173
762	1049	1046	1051	3	-2	4	174
763	1046	1046	1048	0	-2	2	173
764	1045	1045	1047	0	-2	2	174
765	1059	1052	1061	7	-2	5	173
766	1048	1047	1049	1	-1	3	171
767	1048	1047	1050	1	-2	3	173
768	1046	1045	1047	1	-1	3	172
769	1046	1046	1047	0	-1	2	172
770	1047	1046	1049	1	-2	3	171
771	1046	1046	1047	0	-1	2	172
772	1046	1047	1048	-1	-2	2	171
773	1045	1045	1047	0	-2	2	171
774	1048	1046	1048	2	0	2	172
775	1047	1047	1050	0	-3	3	171
776	1045	1045	1047	0	-2	2	171
777	1046	1045	1048	1	-2	3	172
778	1045	1046	1047	-1	-2	2	171
779	1044	1045	1047	-1	-3	2	172
780	1047	1048	1049	-1	-2	2	171
781	1046	1046	1047	0	-1	2	171
782	1049	1045	1052	4	-3	5	172
783	1089	1062	1091	27	-2	6	176
784	1053	1052	1054	1	-1	2	180
785	1046	1046	1049	0	-3	3	176
786	1046	1045	1048	1	-2	2	173
787	1046	1046	1049	0	-3	2	174
788	1058	1048	1061	10	-3	5	173
789	1047	1045	1049	2	-2	4	174
790	1047	1047	1050	0	-3	2	173
791	1046	1046	1048	0	-2	2	173
792	1045	1045	1047	0	-2	2	173
793	1051	1049	1052	2	-1	4	173
794	1047	1046	1049	1	-2	2	174
795	1046	1046	1049	0	-3	2	174
796	1047	1046	1049	1	-2	3	173
797	1046	1046	1048	0	-2	2	173
798	1050	1048	1052	2	-2	5	175
799	1058	1054	1058	4	0	3	173
800	1045	1045	1047	0	-2	2	171
801	1047	1045	1049	2	-2	4	172
802	1046	1045	1048	1	-2	2	171
803	1063	1051	1066	12	-3	6	174
804	1061	1052	1061	9	0	5	172
805	1048	1046	1050	2	-2	4	173
806	1046	1045	1046	1	0	2	173
807	1047	1045	1049	2	-2	5	172
808	1048	1047	1050	1	-2	3	172
809	1046	1046	1048	0	-2	3	172
810	1048	1047	1050	1	-2	4	172
811	1045	1046	1048	-1	-3	2	172
812	1047	1047	1048	0	-1	2	172
813	1058	1052	1059	6	-1	5	173
814	1320	1046	1322	274	-2	9	180
815	1047	1046	1048	1	-1	3	174
816	1047	1046	1049	1	-2	2	173
817	1042	1042	1043	0	-1	2	173
818	1041	1041	1043	0	-2	2	173
819	1052	1041	1053	11	-1	5	176
820	1139	1057	1138	82	1	30	248
821	1042	1042	1044	0	-2	2	175
822	1044	1042	1046	2	-2	4	175
823	1046	1047	1048	-1	-2	2	173
824	1088	1053	1089	35	-1	6	176
825	1047	1046	1048	1	-1	2	173
826	1045	1046	1048	-1	-3	2	174
827	1048	1047	1049	1	-1	3	173
828	1057	1052	1058	5	-1	3	173
829	1052	1047	1053	5	-1	3	172
830	1048	1047	1049	1	-1	3	171
831	1056	1053	1057	3	-1	3	172
832	1046	1047	1048	-1	-2	2	171
833	1048	1048	1051	0	-3	2	170
834	1045	1045	1048	0	-3	2	170
835	1046	1043	1048	3	-2	5	172
836	1048	1048	1050	0	-2	2	171
837	1044	1045	1046	-1	-2	2	170
838	1048	1046	1049	2	-1	4	171
839	1046	1046	1049	0	-3	2	170
840	1045	1043	1045	2	0	2	171
841	1047	1044	1049	3	-2	4	170
842	1046	1046	1048	0	-2	2	170
843	1046	1044	1047	2	-1	3	172
844	1050	1048	1052	2	-2	3	172
845	1045	1046	1048	-1	-3	2	171
846	1101	1057	1103	44	-2	7	174
847	1046	1046	1048	0	-2	2	172
848	1047	1045	1049	2	-2	3	172
849	1049	1047	1052	2	-3	5	173
850	1046	1046	1048	0	-2	2	173
851	1047	1046	1049	1	-2	3	173
852	1046	1046	1048	0	-2	2	173
853	1048	1048	1050	0	-2	3	173
854	1049	1047	1050	2	-1	3	172
855	1046	1046	1048	0	-2	2	172
856	1045	1046	1048	-1	-3	2	172
857	1048	1046	1050	2	-2	4	173
858	1047	1047	1049	0	-2	3	173
859	1050	1046	1053	4	-3	4	172
860	1047	1045	1048	2	-1	4	174
861	1045	1044	1046	1	-1	2	172
862	1057	1049	1058	8	-1	4	172
863	1047	1045	1049	2	-2	3	170
864	1053	1047	1054	6	-1	5	171
865	1048	1046	1050	2	-2	4	170
866	1046	1047	1048	-1	-2	2	170
867	1045	1045	1047	0	-2	2	170
868	1045	1044	1046	1	-1	2	170
869	1046	1047	1048	-1	-2	2	170
870	1048	1046	1050	2	-2	4	170
871	1046	1046	1048	0	-2	2	171
872	1049	1047	1050	2	-1	4	171
873	1045	1046	1047	-1	-2	2	170
874	1049	1046	1050	3	-1	5	172
875	1049	1045	1051	4	-2	3	171
876	1045	1046	1047	-1	-2	2	170
877	1056	1051	1059	5	-3	4	173
878	1068	1058	1070	10	-2	5	173
879	1046	1046	1048	0	-2	2	173
880	1048	1048	1050	0	-2	2	172
881	1047	1047	1049	0	-2	2	174
882	1046	1046	1048	0	-2	2	173
883	1048	1046	1050	2	-2	4	173
884	1046	1045	1047	1	-1	3	172
885	1046	1046	1048	0	-2	2	173
886	1047	1046	1049	1	-2	2	172
887	1046	1045	1048	1	-2	2	172
888	1049	1047	1051	2	-2	3	173
889	1047	1046	1049	1	-2	3	172
890	1047	1047	1049	0	-2	3	172
891	1046	1046	1047	0	-1	2	173
892	1045	1045	1046	0	-1	2	173
893	1060	1055	1061	5	-1	3	172
894	1057	1052	1059	5	-2	4	171
895	1045	1046	1048	-1	-3	2	170
896	1047	1047	1050	0	-3	3	171
897	1047	1046	1048	1	-1	2	171
898	1059	1055	1062	4	-3	4	170
899	1069	1051	1071	18	-2	3	173
900	1046	1046	1048	0	-2	2	170
901	1055	1048	1056	7	-1	3	172
902	1047	1046	1049	1	-2	3	172
903	1045	1045	1046	0	-1	2	172
904	1046	1045	1049	1	-3	3	172
905	1042	1043	1044	-1	-2	2	172
906	1047	1043	1049	4	-2	3	172
907	1041	1040	1043	1	-2	2	172
908	1042	1042	1043	0	-1	2	173
909	1042	1043	1044	-1	-2	2	173
910	1046	1047	1048	-1	-2	2	172
911	1047	1044	1048	3	-1	5	173
912	1048	1047	1049	1	-1	3	173
913	1047	1045	1048	2	-1	2	173
914	1044	1043	1046	1	-2	2	172
915	1048	1045	1050	3	-2	3	173
916	1047	1046	1048	1	-1	2	172
917	1047	1044	1046	3	1	3	173
918	1045	1045	1047	0	-2	2	172
919	1046	1045	1047	1	-1	3	172
920	1048	1047	1050	1	-2	3	174
921	1049	1046	1052	3	-3	3	173
922	1046	1045	1047	1	-1	2	173
923	1047	1046	1049	1	-2	3	172
924	1051	1044	1051	7	0	5	172
925	1046	1046	1048	0	-2	2	170
926	1052	1047	1054	5	-2	4	171
927	1046	1045	1047	1	-1	2	170
928	1048	1047	1050	1	-2	3	170
929	1045	1046	1047	-1	-2	2	171
930	1047	1045	1049	2	-2	4	171
931	1049	1047	1050	2	-1	4	170
932	1045	1045	1046	0	-1	2	170
933	1048	1046	1049	2	-1	3	170
934	1046	1046	1047	0	-1	2	171
935	1047	1045	1049	2	-2	4	170
936	1045	1046	1047	-1	-2	2	170
937	1050	1046	1050	4	0	3	172
938	1048	1044	1050	4	-2	5	171
939	1045	1046	1047	-1	-2	2	170
940	1112	1071	1114	41	-2	7	173
941	1048	1046	1049	2	-1	3	172
942	1047	1048	1049	-1	-2	2	172
943	1048	1047	1050	1	-2	2	172
944	1047	1045	1048	2	-1	3	173
945	1046	1045	1047	1	-1	2	172
946	1049	1048	1050	1	-1	3	172
947	1047	1046	1049	1	-2	3	173
948	1047	1048	1048	-1	-1	1	173
949	1046	1046	1048	0	-2	2	172
950	1046	1046	1047	0	-1	2	172
951	1046	1046	1047	0	-1	2	173
952	1046	1045	1048	1	-2	2	173
953	1052	1048	1053	4	-1	4	172
954	1046	1046	1047	0	-1	2	173
955	1048	1046	1049	2	-1	3	172
956	1057	1052	1058	5	-1	3	173
957	1044	1045	1046	-1	-2	2	171
958	1055	1048	1056	7	-1	5	170
959	1045	1044	1047	1	-2	2	172
960	1046	1045	1048	1	-2	3	171
961	1048	1047	1050	1	-2	3	171
962	1045	1043	1046	2	-1	2	170
963	1046	1047	1048	-1	-2	2	171
964	1045	1045	1048	0	-3	2	171
965	1046	1045	1048	1	-2	2	171
966	1050	1047	1052	3	-2	3	171
967	1047	1047	1049	0	-2	3	170
968	1049	1045	1050	4	-1	3	170
969	1059	1049	1061	10	-2	7	177
970	1045	1045	1046	0	-1	2	170
971	1049	1048	1052	1	-3	3	171
972	1063	1054	1064	9	-1	6	172
973	1046	1047	1048	-1	-2	2	173
974	1046	1046	1048	0	-2	2	173
975	1047	1046	1048	1	-1	2	172
976	1049	1049	1051	0	-2	3	174
977	1047	1046	1049	1	-2	3	172
978	1048	1048	1049	0	-1	2	173
979	1046	1046	1047	0	-1	2	172
980	1048	1047	1050	1	-2	4	172
981	1045	1045	1047	0	-2	3	172
982	1049	1048	1051	1	-2	4	172
983	1045	1043	1047	2	-2	3	173
984	1046	1047	1049	-1	-3	2	173
985	1048	1047	1050	1	-2	4	172
986	1045	1045	1047	0	-2	2	172
987	1060	1048	1062	12	-2	7	173
988	1304	1054	1306	250	-2	5	171
989	1046	1046	1048	0	-2	2	171
990	1045	1044	1046	1	-1	2	171
991	1042	1042	1044	0	-2	2	170
992	1046	1043	1047	3	-1	4	171
993	1043	1042	1045	1	-2	3	170
994	1042	1042	1044	0	-2	2	171
995	1042	1042	1043	0	-1	2	171
996	1044	1043	1046	1	-2	3	170
997	1046	1045	1047	1	-1	3	172
998	1046	1046	1047	0	-1	2	171
999	1049	1045	1050	4	-1	4	171
1000	1047	1046	1047	1	0	2	171
