ITERNUM	METIME	PRTIME	TPRTIME	DIFF	TDIFF	NRPROCS	NPROCS
1	2277	2269	2279	8	-2	5	142
2	2267	2267	2268	0	-1	2	136
3	2266	2266	2267	0	-1	2	136
4	2267	2267	2269	0	-2	2	137
5	2424	2274	2426	150	-2	4	137
6	2267	2266	2267	1	0	2	136
7	2269	2268	2270	1	-1	3	136
8	2266	2266	2267	0	-1	2	137
9	2266	2266	2268	0	-2	2	136
10	2268	2266	2268	2	0	3	136
11	2267	2266	2267	1	0	2	136
12	2266	2266	2267	0	-1	2	136
13	2269	2268	2271	1	-2	3	136
14	2267	2267	2268	0	-1	2	137
15	2266	2266	2267	0	-1	2	136
16	2269	2268	2270	1	-1	3	136
17	2266	2266	2267	0	-1	2	136
18	2266	2266	2268	0	-2	3	136
19	2266	2266	2268	0	-2	2	136
20	2277	2270	2278	7	-1	4	142
21	2260	2260	2262	0	-2	3	136
22	2257	2257	2258	0	-1	2	136
23	2261	2260	2264	1	-3	4	138
24	2262	2262	2264	0	-2	3	136
25	2266	2266	2269	0	-3	3	136
26	2268	2267	2270	1	-2	3	136
27	2267	2267	2269	0	-2	3	136
28	2267	2267	2268	0	-1	2	137
29	2275	2269	2275	6	0	5	137
30	2266	2266	2268	0	-2	2	136
31	2265	2265	2268	0	-3	3	136
32	2269	2268	2271	1	-2	3	137
33	2266	2266	2268	0	-2	3	136
34	2266	2266	2267	0	-1	2	136
35	2267	2267	2269	0	-2	3	136
36	2265	2266	2267	-1	-2	2	136
37	2267	2267	2269	0	-2	2	137
38	2266	2266	2267	0	-1	2	137
39	2267	2267	2268	0	-1	2	136
40	2267	2267	2268	0	-1	2	136
41	2266	2266	2268	0	-2	3	136
42	2268	2267	2270	1	-2	3	136
43	2266	2266	2267	0	-1	2	136
44	2267	2267	2268	0	-1	2	137
45	2268	2267	2269	1	-1	3	136
46	2266	2266	2269	0	-3	3	136
47	2267	2267	2268	0	-1	2	137
48	2275	2269	2277	6	-2	5	136
49	2266	2266	2268	0	-2	2	136
50	2266	2266	2267	0	-1	2	136
51	2270	2269	2271	1	-1	3	136
52	2266	2266	2268	0	-2	3	136
53	2267	2267	2268	0	-1	2	136
54	2267	2267	2268	0	-1	2	136
55	2266	2266	2267	0	-1	2	136
56	2268	2267	2270	1	-2	4	137
57	2266	2266	2267	0	-1	2	136
58	2269	2268	2270	1	-1	3	136
59	2336	2267	2338	69	-2	4	136
60	2259	2258	2259	1	0	2	136
61	2259	2258	2260	1	-1	3	137
62	2257	2257	2259	0	-2	2	137
63	2265	2265	2266	0	-1	2	136
64	2268	2267	2269	1	-1	3	136
65	2266	2266	2268	0	-2	2	136
66	2266	2265	2266	1	0	2	136
67	2275	2268	2277	7	-2	6	136
68	2267	2267	2268	0	-1	2	137
69	2266	2266	2268	0	-2	2	136
70	2270	2268	2270	2	0	3	137
71	2266	2266	2267	0	-1	2	136
72	2267	2267	2269	0	-2	3	136
73	2266	2266	2267	0	-1	2	136
74	2267	2267	2268	0	-1	2	136
75	2268	2267	2269	1	-1	3	137
76	2267	2266	2267	1	0	2	137
77	2267	2267	2268	0	-1	2	136
78	2266	2266	2268	0	-2	2	136
79	2267	2267	2268	0	-1	2	136
80	2268	2267	2270	1	-2	4	136
81	2267	2267	2269	0	-2	2	136
82	2266	2266	2268	0	-2	2	136
83	2269	2268	2270	1	-1	3	136
84	2266	2266	2268	0	-2	3	136
85	2265	2265	2268	0	-3	2	137
86	2275	2267	2277	8	-2	6	136
87	2266	2266	2267	0	-1	2	136
88	2267	2267	2268	0	-1	2	136
89	2269	2268	2271	1	-2	4	136
90	2266	2266	2269	0	-3	3	136
91	2267	2267	2269	0	-2	3	136
92	2265	2265	2268	0	-3	3	137
93	2266	2266	2268	0	-2	3	136
94	2268	2267	2269	1	-1	3	137
95	2266	2266	2267	0	-1	2	136
96	2266	2266	2268	0	-2	2	136
97	2267	2266	2268	1	-1	2	136
98	2266	2266	2267	0	-1	2	136
99	2262	2261	2263	1	-1	3	137
100	2258	2258	2259	0	-1	2	137
101	2257	2257	2258	0	-1	2	136
102	2269	2268	2270	1	-1	3	136
103	2267	2267	2268	0	-1	2	137
104	2266	2266	2268	0	-2	3	136
105	2275	2268	2277	7	-2	6	136
106	2265	2265	2266	0	-1	2	136
107	2267	2267	2268	0	-1	2	136
108	2268	2267	2270	1	-2	3	136
109	2267	2267	2268	0	-1	2	137
110	2267	2267	2268	0	-1	2	136
111	2266	2266	2268	0	-2	3	136
112	2423	2278	2424	145	-1	4	136
113	2266	2266	2268	0	-2	3	136
114	2266	2266	2268	0	-2	2	136
115	2266	2266	2268	0	-2	3	136
116	2273	2268	2274	5	-1	3	139
117	2266	2266	2268	0	-2	3	136
118	2269	2268	2270	1	-1	3	138
119	2267	2267	2269	0	-2	2	136
120	2266	2266	2268	0	-2	3	136
121	2269	2268	2270	1	-1	3	136
122	2265	2265	2266	0	-1	2	136
123	2266	2266	2268	0	-2	2	137
124	2275	2268	2277	7	-2	4	137
125	2267	2266	2267	1	0	2	136
126	2266	2266	2268	0	-2	3	136
127	2269	2267	2270	2	-1	3	137
128	2267	2267	2268	0	-1	2	136
129	2266	2266	2268	0	-2	3	136
130	2267	2266	2267	1	0	2	136
131	2266	2266	2267	0	-1	2	136
132	2267	2267	2268	0	-1	2	137
133	2267	2267	2269	0	-2	2	137
134	2266	2266	2267	0	-1	2	136
135	2276	2269	2278	7	-2	5	141
136	2266	2266	2267	0	-1	2	136
137	2263	2261	2263	2	0	3	136
138	2257	2257	2258	0	-1	2	136
139	2258	2258	2261	0	-3	3	137
140	2264	2263	2267	1	-3	4	136
141	2266	2266	2268	0	-2	3	136
142	2266	2265	2268	1	-2	3	137
143	2275	2268	2276	7	-1	5	136
144	2267	2267	2268	0	-1	2	136
145	2266	2266	2267	0	-1	2	136
146	2269	2268	2271	1	-2	3	136
147	2267	2267	2268	0	-1	2	136
148	2267	2267	2268	0	-1	2	136
149	2266	2266	2269	0	-3	3	136
150	2266	2266	2267	0	-1	2	136
151	2267	2267	2270	0	-3	3	137
152	2266	2266	2267	0	-1	2	136
153	2266	2266	2268	0	-2	3	136
154	2278	2270	2279	8	-1	4	142
155	2267	2266	2267	1	0	2	136
156	2269	2268	2270	1	-1	3	137
157	2266	2266	2267	0	-1	2	137
158	2267	2267	2268	0	-1	2	136
159	2268	2267	2270	1	-2	3	136
160	2266	2266	2269	0	-3	3	136
161	2266	2266	2268	0	-2	2	136
162	2276	2270	2276	6	0	5	136
163	2266	2266	2267	0	-1	2	137
164	2266	2266	2268	0	-2	2	136
165	2270	2269	2271	1	-1	3	137
166	2422	2273	2424	149	-2	5	136
167	2267	2267	2269	0	-2	2	136
168	2266	2266	2267	0	-1	2	136
169	2267	2267	2268	0	-1	2	136
170	2267	2267	2269	0	-2	3	137
171	2266	2266	2268	0	-2	2	137
172	2267	2267	2268	0	-1	2	136
173	2277	2268	2279	9	-2	6	142
174	2266	2266	2269	0	-3	3	136
175	2268	2267	2269	1	-1	3	136
176	2259	2259	2260	0	-1	2	136
177	2257	2257	2258	0	-1	2	136
178	2259	2258	2261	1	-2	4	136
179	2267	2266	2268	1	-1	2	136
180	2266	2266	2267	0	-1	2	137
181	2276	2267	2275	9	1	5	136
182	2266	2266	2268	0	-2	3	136
183	2267	2267	2268	0	-1	2	136
184	2268	2267	2271	1	-3	4	136
185	2266	2266	2267	0	-1	2	136
186	2267	2267	2268	0	-1	2	136
187	2266	2266	2267	0	-1	2	137
188	2267	2267	2269	0	-2	3	136
189	2268	2267	2269	1	-1	3	137
190	2266	2266	2269	0	-3	3	136
191	2269	2268	2271	1	-2	4	136
192	2276	2268	2278	8	-2	6	142
193	2267	2267	2268	0	-1	2	136
194	2268	2267	2270	1	-2	3	137
195	2267	2267	2268	0	-1	2	137
196	2266	2266	2268	0	-2	3	136
197	2269	2268	2270	1	-1	3	136
198	2266	2266	2267	0	-1	2	136
199	2266	2266	2269	0	-3	3	136
200	2269	2268	2270	1	-1	3	136
201	2266	2266	2267	0	-1	2	136
202	2267	2267	2269	0	-2	3	136
203	2266	2266	2268	0	-2	2	136
204	2268	2268	2269	0	-1	2	137
205	2267	2267	2269	0	-2	3	136
206	2265	2265	2268	0	-3	3	136
207	2269	2268	2270	1	-1	3	136
208	2266	2265	2268	1	-2	3	136
209	2267	2267	2269	0	-2	3	136
210	2268	2267	2269	1	-1	3	136
211	2277	2272	2279	5	-2	4	143
212	2266	2266	2269	0	-3	3	136
213	2269	2268	2270	1	-1	3	137
214	2266	2266	2267	0	-1	2	136
215	2259	2259	2261	0	-2	3	136
216	2258	2258	2261	0	-3	4	136
217	2257	2257	2258	0	-1	2	136
218	2267	2267	2269	0	-2	2	137
219	2266	2266	2269	0	-3	3	137
220	2266	2266	2268	0	-2	2	136
221	2267	2267	2269	0	-2	3	136
222	2267	2267	2268	0	-1	2	137
223	2267	2267	2268	0	-1	2	136
224	2266	2266	2267	0	-1	2	136
225	2266	2266	2268	0	-2	2	136
226	2269	2268	2271	1	-2	3	136
227	2268	2266	2268	2	0	3	136
228	2267	2267	2268	0	-1	2	137
229	2268	2267	2270	1	-2	4	136
230	2277	2269	2278	8	-1	5	142
231	2266	2266	2267	0	-1	2	136
232	2268	2267	2270	1	-2	3	136
233	2267	2267	2268	0	-1	2	136
234	2266	2266	2268	0	-2	2	136
235	2267	2267	2269	0	-2	2	137
236	2266	2266	2268	0	-2	2	136
237	2267	2267	2269	0	-2	2	137
238	2266	2266	2267	0	-1	2	136
239	2275	2267	2274	8	1	5	136
240	2266	2266	2268	0	-2	2	136
241	2266	2266	2268	0	-2	3	136
242	2269	2268	2270	1	-1	3	137
243	2266	2266	2268	0	-2	3	137
244	2267	2267	2269	0	-2	2	136
245	2269	2268	2270	1	-1	3	136
246	2268	2267	2269	1	-1	3	136
247	2267	2267	2268	0	-1	2	136
248	2266	2266	2267	0	-1	2	136
249	2266	2266	2268	0	-2	2	136
250	2277	2269	2277	8	0	4	142
251	2267	2267	2268	0	-1	2	136
252	2267	2267	2268	0	-1	2	137
253	2264	2263	2265	1	-1	2	136
254	2257	2256	2257	1	0	2	136
255	2259	2258	2261	1	-2	4	136
256	2259	2259	2261	0	-2	2	136
257	2266	2266	2268	0	-2	2	136
258	2276	2269	2276	7	0	5	136
259	2266	2266	2268	0	-2	3	137
260	2267	2267	2268	0	-1	2	136
261	2268	2267	2269	1	-1	3	137
262	2266	2266	2267	0	-1	2	136
263	2267	2267	2269	0	-2	3	136
264	2265	2265	2266	0	-1	2	136
265	2267	2267	2268	0	-1	2	136
266	2267	2266	2268	1	-1	3	137
267	2266	2266	2269	0	-3	2	137
268	2268	2266	2271	2	-3	3	136
269	2276	2270	2278	6	-2	5	142
270	2267	2267	2268	0	-1	2	136
271	2268	2267	2270	1	-2	4	136
272	2266	2266	2267	0	-1	2	136
273	2267	2267	2268	0	-1	2	136
274	2426	2275	2427	151	-1	5	136
275	2267	2267	2268	0	-1	2	136
276	2266	2266	2268	0	-2	2	137
277	2269	2268	2270	1	-1	3	136
278	2266	2266	2267	0	-1	2	136
279	2267	2267	2268	0	-1	2	136
280	2267	2267	2268	0	-1	2	136
281	2267	2267	2269	0	-2	3	136
282	2267	2267	2269	0	-2	3	136
283	2265	2265	2267	0	-2	2	137
284	2269	2268	2270	1	-1	3	136
285	2267	2266	2269	1	-2	3	137
286	2267	2267	2268	0	-1	2	136
287	2268	2267	2270	1	-2	4	136
288	2277	2271	2279	6	-2	5	142
289	2267	2267	2268	0	-1	2	136
290	2269	2268	2270	1	-1	3	137
291	2267	2267	2269	0	-2	3	137
292	2262	2261	2263	1	-1	2	136
293	2259	2258	2260	1	-1	3	136
294	2257	2257	2259	0	-2	3	136
295	2262	2262	2265	0	-3	3	136
296	2266	2266	2268	0	-2	2	136
297	2273	2269	2274	4	-1	3	136
298	2267	2267	2268	0	-1	2	136
299	2266	2266	2268	0	-2	3	136
300	2267	2267	2268	0	-1	2	137
301	2266	2266	2268	0	-2	3	136
302	2267	2267	2268	0	-1	2	136
303	2269	2268	2271	1	-2	3	136
304	2268	2267	2269	1	-1	3	136
305	2267	2267	2269	0	-2	2	136
306	2267	2267	2269	0	-2	2	137
307	2278	2269	2279	9	-1	4	142
308	2266	2266	2268	0	-2	3	136
309	2267	2267	2269	0	-2	3	137
310	2268	2266	2267	2	1	2	136
311	2266	2266	2269	0	-3	3	136
312	2268	2267	2270	1	-2	4	136
313	2267	2267	2268	0	-1	2	136
314	2267	2267	2268	0	-1	2	137
315	2268	2267	2270	1	-2	4	137
316	2266	2266	2268	0	-2	3	136
317	2266	2266	2267	0	-1	2	136
318	2269	2268	2270	1	-1	3	137
319	2265	2265	2267	0	-2	2	136
320	2267	2267	2269	0	-2	2	136
321	2267	2267	2268	0	-1	2	136
322	2266	2266	2269	0	-3	2	136
323	2267	2267	2268	0	-1	2	137
324	2266	2266	2267	0	-1	2	137
325	2269	2268	2270	1	-1	3	136
326	2277	2270	2278	7	-1	4	142
327	2267	2267	2268	0	-1	2	136
328	2269	2268	2270	1	-1	3	136
329	2266	2266	2268	0	-2	2	136
330	2261	2261	2263	0	-2	3	136
331	2259	2258	2261	1	-2	4	136
332	2258	2258	2259	0	-1	2	136
333	2261	2261	2262	0	-1	2	138
334	2269	2268	2270	1	-1	3	136
335	2273	2266	2274	7	-1	3	136
336	2281	2267	2268	14	13	2	136
337	2267	2267	2268	0	-1	2	136
338	2266	2266	2267	0	-1	2	137
339	2267	2267	2268	0	-1	2	137
340	2266	2266	2268	0	-2	3	136
341	2269	2268	2270	1	-1	3	136
342	2268	2267	2269	1	-1	3	137
343	2266	2266	2268	0	-2	3	136
344	2268	2267	2269	1	-1	3	136
345	2266	2266	2267	0	-1	2	136
346	2267	2267	2269	0	-2	3	136
347	2268	2267	2270	1	-2	3	136
348	2267	2267	2269	0	-2	3	137
349	2267	2267	2268	0	-1	2	136
350	2266	2266	2268	0	-2	3	136
351	2267	2267	2269	0	-2	3	136
352	2266	2266	2267	0	-1	2	136
353	2267	2267	2268	0	-1	2	136
354	2275	2268	2276	7	-1	4	136
355	2266	2266	2268	0	-2	2	137
356	2267	2267	2268	0	-1	2	136
357	2268	2267	2270	1	-2	3	138
358	2266	2266	2268	0	-2	3	136
359	2266	2266	2267	0	-1	2	136
360	2269	2268	2270	1	-1	3	136
361	2266	2266	2269	0	-3	2	136
362	2267	2267	2269	0	-2	3	137
363	2266	2266	2269	0	-3	3	137
364	2266	2266	2268	0	-2	2	136
365	2277	2267	2279	10	-2	6	142
366	2266	2266	2268	0	-2	3	137
367	2269	2268	2270	1	-1	3	136
368	2267	2267	2268	0	-1	2	136
369	2262	2262	2264	0	-2	3	136
370	2259	2258	2260	1	-1	3	136
371	2257	2257	2258	0	-1	2	136
372	2263	2263	2265	0	-2	3	137
373	2268	2267	2269	1	-1	3	136
374	2266	2266	2268	0	-2	2	136
375	2267	2267	2268	0	-1	2	136
376	2269	2268	2271	1	-2	4	136
377	2267	2267	2269	0	-2	3	136
378	2266	2266	2267	0	-1	2	136
379	2267	2267	2268	0	-1	2	137
380	2266	2266	2268	0	-2	2	136
381	2268	2267	2269	1	-1	3	137
382	2423	2276	2425	147	-2	6	136
383	2269	2268	2271	1	-2	4	136
384	2277	2269	2279	8	-2	5	142
385	2267	2267	2268	0	-1	2	136
386	2269	2267	2269	2	0	3	137
387	2266	2266	2267	0	-1	2	137
388	2267	2267	2269	0	-2	3	136
389	2268	2267	2270	1	-2	4	136
390	2266	2266	2268	0	-2	3	136
391	2267	2267	2269	0	-2	2	136
392	2268	2267	2270	1	-2	4	136
393	2273	2268	2274	5	-1	3	136
394	2266	2266	2267	0	-1	2	136
395	2266	2266	2268	0	-2	2	136
396	2266	2266	2269	0	-3	2	137
397	2266	2266	2268	0	-2	2	136
398	2267	2267	2269	0	-2	3	136
399	2269	2268	2270	1	-1	3	136
400	2268	2267	2269	1	-1	3	136
401	2266	2266	2268	0	-2	3	136
402	2269	2268	2270	1	-1	3	136
403	2267	2267	2268	0	-1	2	137
404	2267	2267	2268	0	-1	2	136
405	2269	2268	2271	1	-2	4	138
406	2266	2266	2269	0	-3	3	136
407	2266	2266	2267	0	-1	2	136
408	2268	2267	2271	1	-3	3	136
409	2266	2266	2268	0	-2	3	136
410	2259	2259	2261	0	-2	2	137
411	2258	2258	2261	0	-3	2	137
412	2263	2256	2265	7	-2	4	136
413	2256	2255	2257	1	-1	3	136
414	2267	2266	2268	1	-1	2	137
415	2269	2268	2271	1	-2	4	136
416	2265	2265	2266	0	-1	2	136
417	2267	2266	2267	1	0	2	136
418	2268	2267	2270	1	-2	3	136
419	2267	2266	2268	1	-1	3	136
420	2267	2267	2268	0	-1	2	137
421	2269	2268	2270	1	-1	3	136
422	2266	2266	2268	0	-2	2	136
423	2277	2271	2279	6	-2	4	142
424	2268	2267	2270	1	-2	3	136
425	2266	2266	2268	0	-2	2	136
426	2266	2266	2267	0	-1	2	136
427	2266	2266	2268	0	-2	2	137
428	2267	2267	2268	0	-1	2	136
429	2267	2267	2268	0	-1	2	137
430	2267	2267	2268	0	-1	2	136
431	2275	2269	2276	6	-1	5	136
432	2266	2266	2267	0	-1	2	136
433	2267	2267	2269	0	-2	2	136
434	2268	2267	2270	1	-2	3	137
435	2266	2266	2269	0	-3	3	137
436	2424	2273	2426	151	-2	5	136
437	2268	2267	2270	1	-2	3	136
438	2268	2267	2269	1	-1	3	137
439	2267	2267	2269	0	-2	3	136
440	2269	2268	2270	1	-1	3	136
441	2266	2266	2269	0	-3	3	136
442	2277	2268	2279	9	-2	4	142
443	2266	2266	2269	0	-3	3	136
444	2266	2266	2267	0	-1	2	137
445	2266	2266	2269	0	-3	3	136
446	2267	2267	2269	0	-2	3	136
447	2268	2267	2270	1	-2	4	136
448	2266	2266	2268	0	-2	2	136
449	2266	2267	2269	-1	-3	2	136
450	2268	2267	2269	1	-1	3	136
451	2266	2266	2267	0	-1	2	137
452	2266	2266	2268	0	-2	2	136
453	2268	2267	2269	1	-1	3	137
454	2267	2267	2269	0	-2	3	136
455	2266	2266	2269	0	-3	3	136
456	2267	2266	2269	1	-2	4	136
457	2267	2267	2268	0	-1	2	136
458	2266	2266	2268	0	-2	2	137
459	2266	2266	2267	0	-1	2	137
460	2267	2267	2268	0	-1	2	136
461	2268	2262	2269	6	-1	4	142
462	2258	2257	2258	1	0	2	136
463	2260	2259	2261	1	-1	3	136
464	2259	2259	2260	0	-1	2	136
465	2266	2266	2268	0	-2	3	136
466	2269	2268	2270	1	-1	3	136
467	2266	2266	2268	0	-2	2	136
468	2266	2266	2267	0	-1	2	137
469	2268	2267	2270	1	-2	4	136
470	2274	2267	2276	7	-2	5	136
471	2266	2266	2267	0	-1	2	136
472	2267	2267	2268	0	-1	2	136
473	2267	2267	2269	0	-2	2	136
474	2266	2266	2267	0	-1	2	136
475	2267	2267	2269	0	-2	2	137
476	2267	2267	2269	0	-2	2	136
477	2268	2266	2268	2	0	3	137
478	2267	2267	2269	0	-2	2	136
479	2268	2267	2270	1	-2	3	136
480	2266	2266	2267	0	-1	2	136
481	2267	2267	2269	0	-2	3	136
482	2269	2268	2270	1	-1	3	137
483	2267	2267	2269	0	-2	3	137
484	2267	2267	2269	0	-2	2	136
485	2269	2268	2270	1	-1	3	136
486	2267	2267	2268	0	-1	2	136
487	2266	2266	2268	0	-2	3	136
488	2269	2267	2270	2	-1	3	136
489	2273	2266	2273	7	0	4	136
490	2424	2275	2425	149	-1	4	136
491	2267	2267	2268	0	-1	2	136
492	2267	2267	2269	0	-2	3	137
493	2266	2266	2269	0	-3	3	136
494	2267	2267	2268	0	-1	2	136
495	2269	2267	2269	2	0	3	136
496	2268	2267	2269	1	-1	3	136
497	2267	2267	2268	0	-1	2	136
498	2268	2267	2270	1	-2	3	136
499	2266	2266	2268	0	-2	2	137
500	2278	2269	2279	9	-1	5	142
501	2269	2268	2270	1	-1	3	138
502	2267	2267	2268	0	-1	2	136
503	2266	2266	2269	0	-3	2	136
504	2269	2268	2270	1	-1	3	136
505	2267	2267	2269	0	-2	2	133
506	2267	2267	2269	0	-2	3	137
507	2267	2267	2268	0	-1	2	137
508	2275	2269	2277	6	-2	4	136
509	2267	2266	2267	1	0	2	136
510	2267	2267	2269	0	-2	2	137
511	2263	2262	2264	1	-1	3	136
512	2257	2257	2259	0	-2	2	136
513	2257	2257	2259	0	-2	3	136
514	2259	2258	2260	1	-1	3	136
515	2264	2263	2266	1	-2	3	136
516	2267	2267	2269	0	-2	3	138
517	2268	2266	2268	2	0	3	136
518	2267	2267	2268	0	-1	2	136
519	2277	2267	2279	10	-2	5	142
520	2267	2266	2269	1	-2	3	136
521	2267	2267	2269	0	-2	2	136
522	2267	2267	2268	0	-1	2	136
523	2266	2266	2267	0	-1	2	137
524	2267	2266	2268	1	-1	2	136
525	2267	2267	2269	0	-2	3	138
526	2266	2266	2267	0	-1	2	136
527	2266	2266	2269	0	-3	3	136
528	2267	2267	2268	0	-1	2	136
529	2267	2267	2268	0	-1	2	136
530	2269	2268	2270	1	-1	3	137
531	2267	2267	2268	0	-1	2	137
532	2266	2266	2268	0	-2	3	136
533	2268	2267	2269	1	-1	3	136
534	2269	2268	2270	1	-1	3	137
535	2266	2266	2267	0	-1	2	136
536	2268	2267	2269	1	-1	3	136
537	2267	2267	2269	0	-2	3	136
538	2277	2268	2278	9	-1	5	142
539	2269	2268	2270	1	-1	3	136
540	2268	2268	2269	0	-1	2	137
541	2266	2266	2267	0	-1	2	136
542	2267	2267	2269	0	-2	3	136
543	2267	2267	2269	0	-2	2	136
544	2423	2275	2425	148	-2	5	136
545	2267	2267	2269	0	-2	2	136
546	2268	2267	2270	1	-2	3	136
547	2266	2266	2267	0	-1	2	136
548	2267	2267	2269	0	-2	2	136
549	2269	2268	2270	1	-1	3	138
550	2267	2267	2268	0	-1	2	136
551	2267	2267	2268	0	-1	2	136
552	2269	2268	2270	1	-1	3	136
553	2267	2266	2269	1	-2	3	136
554	2267	2267	2268	0	-1	2	137
555	2269	2268	2270	1	-1	3	137
556	2267	2267	2269	0	-2	3	136
557	2277	2270	2278	7	-1	4	142
558	2266	2266	2268	0	-2	2	137
559	2267	2267	2268	0	-1	2	136
560	2266	2266	2268	0	-2	3	136
561	2260	2259	2260	1	0	2	136
562	2258	2258	2260	0	-2	3	136
563	2256	2256	2259	0	-3	3	136
564	2258	2258	2259	0	-1	2	137
565	2269	2268	2270	1	-1	3	136
566	2267	2267	2268	0	-1	2	136
567	2266	2266	2268	0	-2	2	136
568	2268	2267	2269	1	-1	3	136
569	2267	2267	2268	0	-1	2	136
570	2266	2266	2269	0	-3	3	136
571	2268	2267	2270	1	-2	4	136
572	2268	2267	2270	1	-2	4	136
573	2266	2266	2268	0	-2	3	137
574	2269	2268	2270	1	-1	3	136
575	2267	2267	2268	0	-1	2	136
576	2277	2270	2278	7	-1	5	142
577	2267	2267	2269	0	-2	2	136
578	2267	2267	2269	0	-2	3	137
579	2266	2266	2267	0	-1	2	137
580	2267	2267	2269	0	-2	3	136
581	2267	2266	2267	1	0	2	136
582	2266	2266	2267	0	-1	2	137
583	2267	2267	2269	0	-2	3	136
584	2268	2267	2270	1	-2	4	136
585	2272	2266	2273	6	-1	4	136
586	2267	2267	2269	0	-2	2	136
587	2268	2267	2270	1	-2	3	137
588	2266	2266	2268	0	-2	2	137
589	2266	2266	2267	0	-1	2	136
590	2269	2268	2270	1	-1	3	136
591	2267	2266	2269	1	-2	3	136
592	2266	2266	2268	0	-2	3	136
593	2269	2268	2270	1	-1	3	136
594	2266	2266	2268	0	-2	3	137
595	2277	2268	2279	9	-2	6	142
596	2267	2267	2268	0	-1	2	136
597	2266	2266	2267	0	-1	2	137
598	2423	2277	2425	146	-2	4	136
599	2267	2267	2268	0	-1	2	136
600	2267	2266	2268	1	-1	3	136
601	2266	2266	2267	0	-1	2	136
602	2267	2267	2269	0	-2	3	136
603	2268	2267	2269	1	-1	3	136
604	2274	2269	2275	5	-1	3	136
605	2267	2267	2268	0	-1	2	136
606	2268	2266	2268	2	0	3	137
607	2266	2266	2269	0	-3	3	136
608	2266	2266	2268	0	-2	2	136
609	2267	2266	2269	1	-2	3	136
610	2261	2261	2262	0	-1	2	136
611	2257	2257	2258	0	-1	2	137
612	2257	2257	2258	0	-1	2	137
613	2258	2258	2260	0	-2	2	136
614	2264	2264	2266	0	-2	3	136
615	2266	2266	2267	0	-1	2	136
616	2266	2266	2269	0	-3	3	136
617	2267	2267	2268	0	-1	2	136
618	2266	2266	2267	0	-1	2	137
619	2269	2268	2270	1	-1	3	136
620	2267	2267	2269	0	-2	2	136
621	2266	2266	2268	0	-2	3	137
622	2268	2267	2270	1	-2	3	136
623	2274	2268	2275	6	-1	3	136
624	2266	2266	2267	0	-1	2	136
625	2269	2268	2270	1	-1	3	136
626	2267	2267	2269	0	-2	2	136
627	2266	2266	2267	0	-1	2	136
628	2267	2267	2268	0	-1	2	136
629	2266	2266	2267	0	-1	2	136
630	2266	2266	2268	0	-2	3	137
631	2267	2267	2268	0	-1	2	136
632	2269	2268	2270	1	-1	3	136
633	2266	2266	2267	0	-1	2	136
634	2277	2272	2279	5	-2	4	142
635	2269	2268	2270	1	-1	3	137
636	2267	2267	2268	0	-1	2	137
637	2267	2267	2268	0	-1	2	136
638	2268	2267	2270	1	-2	4	136
639	2267	2267	2268	0	-1	2	136
640	2266	2266	2268	0	-2	3	136
641	2269	2268	2270	1	-1	3	136
642	2274	2269	2275	5	-1	4	137
643	2267	2267	2268	0	-1	2	136
644	2267	2267	2269	0	-2	3	136
645	2267	2267	2268	0	-1	2	137
646	2266	2266	2269	0	-3	3	136
647	2266	2266	2269	0	-3	2	136
648	2269	2268	2270	1	-1	3	136
649	2268	2267	2269	1	-1	3	136
650	2267	2267	2268	0	-1	2	136
651	2269	2268	2270	1	-1	3	136
652	2424	2274	2426	150	-2	5	136
653	2276	2268	2277	8	-1	4	142
654	2269	2268	2270	1	-1	3	137
655	2267	2267	2269	0	-2	2	136
656	2266	2266	2268	0	-2	3	136
657	2267	2267	2268	0	-1	2	136
658	2267	2267	2268	0	-1	2	136
659	2265	2265	2266	0	-1	2	137
660	2259	2259	2260	0	-1	2	137
661	2257	2257	2259	0	-2	3	136
662	2256	2256	2257	0	-1	2	136
663	2260	2260	2262	0	-2	2	136
664	2269	2268	2270	1	-1	3	136
665	2266	2266	2267	0	-1	2	136
666	2267	2267	2269	0	-2	3	137
667	2268	2267	2270	1	-2	4	136
668	2267	2266	2268	1	-1	3	136
669	2267	2267	2268	0	-1	2	137
670	2269	2268	2271	1	-2	3	136
671	2265	2265	2268	0	-3	2	136
672	2267	2267	2268	0	-1	2	136
673	2267	2267	2268	0	-1	2	136
674	2266	2266	2267	0	-1	2	137
675	2266	2266	2268	0	-2	2	137
676	2267	2267	2269	0	-2	2	136
677	2269	2267	2271	2	-2	5	136
678	2267	2267	2269	0	-2	3	137
679	2267	2267	2268	0	-1	2	136
680	2267	2266	2269	1	-2	3	136
681	2273	2268	2275	5	-2	4	136
682	2266	2266	2268	0	-2	3	136
683	2267	2266	2269	1	-2	3	136
684	2267	2267	2269	0	-2	2	137
685	2266	2266	2267	0	-1	2	136
686	2267	2267	2270	0	-3	4	136
687	2266	2266	2268	0	-2	3	136
688	2266	2266	2268	0	-2	3	136
689	2265	2265	2267	0	-2	2	136
690	2266	2266	2268	0	-2	3	136
691	2266	2266	2268	0	-2	3	136
692	2276	2271	2279	5	-3	4	142
693	2269	2268	2270	1	-1	3	138
694	2267	2267	2269	0	-2	3	136
695	2266	2266	2267	0	-1	2	136
696	2268	2267	2270	1	-2	3	136
697	2267	2267	2269	0	-2	2	136
698	2266	2265	2267	1	-1	2	137
699	2269	2268	2271	1	-2	4	137
700	2273	2266	2273	7	0	4	136
701	2266	2266	2267	0	-1	2	136
702	2267	2267	2268	0	-1	2	137
703	2267	2267	2268	0	-1	2	136
704	2266	2266	2268	0	-2	3	136
705	2267	2267	2268	0	-1	2	136
706	2266	2266	2268	0	-2	3	136
707	2268	2267	2270	1	-2	3	136
708	2264	2264	2265	0	-1	2	137
709	2259	2258	2260	1	-1	3	136
710	2257	2257	2258	0	-1	2	136
711	2270	2260	2271	10	-1	6	142
712	2263	2262	2264	1	-1	3	136
713	2267	2267	2269	0	-2	3	136
714	2266	2266	2268	0	-2	3	136
715	2268	2267	2269	1	-1	3	136
716	2267	2267	2269	0	-2	3	136
717	2267	2267	2269	0	-2	3	138
718	2265	2265	2268	0	-3	2	136
719	2267	2267	2268	0	-1	2	136
720	2267	2267	2268	0	-1	2	136
721	2266	2266	2267	0	-1	2	136
722	2267	2267	2271	0	-4	4	137
723	2267	2267	2268	0	-1	2	137
724	2265	2265	2267	0	-2	2	136
725	2268	2267	2269	1	-1	3	136
726	2268	2267	2270	1	-2	3	137
727	2265	2265	2267	0	-2	2	136
728	2268	2267	2270	1	-2	3	136
729	2267	2267	2269	0	-2	2	136
730	2276	2268	2278	8	-2	7	142
731	2269	2268	2271	1	-2	4	136
732	2267	2267	2269	0	-2	3	137
733	2265	2265	2267	0	-2	2	136
734	2266	2266	2269	0	-3	2	136
735	2266	2266	2268	0	-2	3	136
736	2266	2266	2267	0	-1	2	136
737	2267	2267	2269	0	-2	2	136
738	2268	2267	2270	1	-2	4	136
739	2273	2266	2274	7	-1	5	136
740	2267	2267	2268	0	-1	2	136
741	2269	2267	2270	2	-1	3	138
742	2267	2267	2268	0	-1	2	136
743	2267	2267	2268	0	-1	2	136
744	2268	2267	2269	1	-1	3	136
745	2268	2267	2269	1	-1	3	136
746	2266	2266	2269	0	-3	3	137
747	2269	2268	2270	1	-1	3	137
748	2266	2266	2269	0	-3	3	136
749	2266	2266	2268	0	-2	3	136
750	2266	2266	2268	0	-2	2	137
751	2267	2267	2268	0	-1	2	136
752	2267	2267	2269	0	-2	2	136
753	2266	2266	2268	0	-2	3	136
754	2268	2267	2270	1	-2	3	136
755	2267	2267	2268	0	-1	2	136
756	2265	2265	2268	0	-3	3	137
757	2262	2261	2263	1	-1	3	136
758	2263	2258	2265	5	-2	3	136
759	2256	2256	2259	0	-3	3	136
760	2261	2260	2262	1	-1	3	136
761	2424	2273	2425	151	-1	4	136
762	2266	2266	2267	0	-1	2	136
763	2269	2268	2270	1	-1	3	136
764	2266	2266	2267	0	-1	2	136
765	2266	2266	2267	0	-1	2	138
766	2267	2267	2268	0	-1	2	136
767	2267	2267	2268	0	-1	2	136
768	2266	2266	2268	0	-2	2	136
769	2277	2270	2279	7	-2	4	142
770	2269	2268	2271	1	-2	3	137
771	2267	2267	2268	0	-1	2	137
772	2266	2266	2268	0	-2	2	136
773	2268	2267	2270	1	-2	4	136
774	2267	2266	2267	1	0	2	137
775	2266	2266	2267	0	-1	2	136
776	2269	2268	2270	1	-1	3	136
777	2266	2266	2268	0	-2	3	136
778	2267	2267	2268	0	-1	2	136
779	2267	2267	2268	0	-1	2	136
780	2267	2267	2269	0	-2	2	138
781	2267	2266	2267	1	0	2	136
782	2266	2266	2267	0	-1	2	136
783	2269	2268	2270	1	-1	3	136
784	2268	2267	2269	1	-1	3	136
785	2265	2265	2267	0	-2	2	136
786	2268	2268	2270	0	-2	3	136
787	2267	2267	2269	0	-2	2	137
788	2266	2266	2267	0	-1	2	138
789	2270	2269	2271	1	-1	3	137
790	2267	2267	2268	0	-1	2	136
791	2265	2265	2266	0	-1	2	136
792	2267	2267	2268	0	-1	2	136
793	2267	2267	2268	0	-1	2	136
794	2266	2266	2268	0	-2	3	137
795	2268	2268	2269	0	-1	2	137
796	2266	2266	2268	0	-2	3	136
797	2273	2268	2274	5	-1	3	136
798	2266	2266	2268	0	-2	2	136
799	2268	2267	2269	1	-1	3	136
800	2265	2265	2268	0	-3	2	136
801	2266	2266	2268	0	-2	3	136
802	2268	2267	2271	1	-3	3	136
803	2267	2266	2269	1	-2	4	136
804	2266	2267	2269	-1	-3	3	137
805	2267	2266	2268	1	-1	3	136
806	2260	2259	2260	1	0	2	136
807	2258	2258	2259	0	-1	2	136
808	2268	2262	2268	6	0	4	142
809	2260	2260	2261	0	-1	2	136
810	2267	2267	2268	0	-1	2	136
811	2267	2267	2269	0	-2	3	137
812	2268	2267	2270	1	-2	4	136
813	2267	2267	2269	0	-2	2	137
814	2266	2266	2268	0	-2	2	137
815	2426	2274	2427	152	-1	5	136
816	2276	2268	2276	8	0	4	136
817	2265	2265	2267	0	-2	2	136
818	2269	2268	2271	1	-2	4	136
819	2266	2266	2268	0	-2	3	136
820	2265	2265	2267	0	-2	2	136
821	2267	2267	2268	0	-1	2	136
822	2266	2266	2269	0	-3	3	136
823	2266	2266	2267	0	-1	2	136
824	2266	2266	2268	0	-2	3	136
825	2266	2266	2268	0	-2	2	136
826	2266	2265	2267	1	-1	2	136
827	2277	2267	2278	10	-1	4	142
828	2269	2268	2270	1	-1	3	137
829	2266	2266	2268	0	-2	3	137
830	2267	2267	2268	0	-1	2	136
831	2269	2268	2271	1	-2	4	136
832	2265	2265	2268	0	-3	3	136
833	2266	2266	2267	0	-1	2	136
834	2269	2268	2271	1	-2	4	136
835	2266	2266	2268	0	-2	3	137
836	2266	2266	2268	0	-2	2	136
837	2267	2267	2269	0	-2	3	137
838	2266	2266	2269	0	-3	3	137
839	2267	2267	2268	0	-1	2	136
840	2266	2266	2268	0	-2	3	136
841	2266	2266	2268	0	-2	3	136
842	2268	2267	2269	1	-1	3	136
843	2265	2265	2268	0	-3	3	136
844	2268	2267	2270	1	-2	3	136
845	2267	2267	2268	0	-1	2	136
846	2266	2266	2267	0	-1	2	138
847	2269	2268	2270	1	-1	3	136
848	2267	2267	2268	0	-1	2	136
849	2265	2265	2266	0	-1	2	136
850	2269	2268	2271	1	-2	3	136
851	2266	2266	2268	0	-2	3	136
852	2266	2266	2267	0	-1	2	137
853	2263	2263	2264	0	-1	2	137
854	2257	2257	2259	0	-2	2	136
855	2264	2258	2263	6	1	4	136
856	2259	2259	2261	0	-2	3	136
857	2265	2264	2266	1	-1	3	136
858	2267	2267	2268	0	-1	2	136
859	2267	2267	2268	0	-1	2	137
860	2267	2266	2269	1	-2	3	136
861	2268	2267	2270	1	-2	3	137
862	2267	2267	2268	0	-1	2	137
863	2268	2267	2270	1	-2	4	136
864	2266	2266	2269	0	-3	2	136
865	2267	2267	2268	0	-1	2	136
866	2268	2267	2269	1	-1	3	136
867	2267	2267	2268	0	-1	2	136
868	2266	2266	2268	0	-2	3	136
869	2425	2278	2427	147	-2	6	136
870	2267	2267	2268	0	-1	2	136
871	2267	2267	2268	0	-1	2	136
872	2266	2266	2267	0	-1	2	136
873	2266	2266	2267	0	-1	2	136
874	2274	2268	2275	6	-1	4	136
875	2266	2266	2268	0	-2	2	136
876	2269	2268	2271	1	-2	4	137
877	2267	2267	2268	0	-1	2	136
878	2267	2267	2268	0	-1	2	136
879	2269	2268	2271	1	-2	3	136
880	2267	2266	2269	1	-2	3	136
881	2267	2267	2268	0	-1	2	136
882	2268	2267	2271	1	-3	3	136
883	2265	2265	2267	0	-2	2	137
884	2267	2267	2268	0	-1	2	136
885	2280	2273	2281	7	-1	5	142
886	2265	2265	2267	0	-2	3	136
887	2267	2267	2269	0	-2	2	136
888	2267	2267	2269	0	-2	2	136
889	2266	2266	2267	0	-1	2	136
890	2267	2267	2268	0	-1	2	137
891	2267	2267	2269	0	-2	3	137
892	2266	2266	2268	0	-2	3	136
893	2273	2266	2273	7	0	4	136
894	2266	2266	2268	0	-2	2	136
895	2269	2268	2271	1	-2	4	136
896	2267	2267	2268	0	-1	2	136
897	2266	2266	2267	0	-1	2	136
898	2269	2268	2270	1	-1	3	136
899	2268	2267	2270	1	-2	4	136
900	2265	2265	2267	0	-2	2	137
901	2261	2260	2262	1	-1	3	136
902	2257	2257	2259	0	-2	3	136
903	2257	2257	2259	0	-2	2	136
904	2272	2265	2274	7	-2	6	142
905	2267	2266	2267	1	0	2	136
906	2266	2266	2268	0	-2	3	136
907	2267	2267	2269	0	-2	3	137
908	2266	2266	2268	0	-2	3	136
909	2267	2267	2268	0	-1	2	137
910	2266	2266	2268	0	-2	2	136
911	2268	2267	2269	1	-1	3	136
912	2273	2267	2273	6	0	4	136
913	2267	2267	2269	0	-2	3	136
914	2268	2267	2270	1	-2	3	137
915	2266	2266	2268	0	-2	2	137
916	2266	2266	2268	0	-2	2	136
917	2268	2267	2270	1	-2	4	136
918	2267	2266	2269	1	-2	3	137
919	2266	2266	2268	0	-2	3	136
920	2268	2267	2269	1	-1	3	136
921	2267	2267	2268	0	-1	2	136
922	2267	2267	2268	0	-1	2	136
923	2435	2279	2436	156	-1	7	142
924	2267	2266	2267	1	0	2	137
925	2266	2266	2269	0	-3	2	136
926	2266	2266	2268	0	-2	2	136
927	2266	2266	2268	0	-2	3	136
928	2266	2266	2267	0	-1	2	136
929	2266	2266	2268	0	-2	3	136
930	2269	2268	2271	1	-2	3	136
931	2273	2267	2274	6	-1	3	136
932	2266	2266	2267	0	-1	2	136
933	2269	2268	2270	1	-1	3	138
934	2266	2266	2267	0	-1	2	136
935	2267	2267	2268	0	-1	2	136
936	2269	2268	2270	1	-1	3	136
937	2266	2266	2269	0	-3	3	136
938	2266	2266	2268	0	-2	2	137
939	2269	2267	2271	2	-2	5	137
940	2266	2266	2268	0	-2	3	136
941	2267	2267	2268	0	-1	2	136
942	2277	2271	2279	6	-2	5	143
943	2266	2266	2267	0	-1	2	136
944	2267	2267	2268	0	-1	2	136
945	2265	2265	2267	0	-2	2	136
946	2266	2266	2268	0	-2	3	136
947	2264	2264	2265	0	-1	2	136
948	2259	2259	2261	0	-2	3	137
949	2259	2258	2261	1	-2	4	136
950	2259	2257	2261	2	-2	4	136
951	2263	2263	2264	0	-1	2	136
952	2269	2268	2270	1	-1	3	136
953	2267	2267	2268	0	-1	2	136
954	2266	2266	2268	0	-2	2	136
955	2269	2268	2270	1	-1	3	136
956	2267	2266	2269	1	-2	3	136
957	2267	2267	2269	0	-2	2	138
958	2269	2268	2270	1	-1	3	136
959	2265	2265	2268	0	-3	3	136
960	2267	2267	2269	0	-2	3	136
961	2277	2270	2279	7	-2	5	142
962	2266	2266	2267	0	-1	2	137
963	2267	2267	2268	0	-1	2	137
964	2266	2266	2268	0	-2	2	136
965	2268	2267	2270	1	-2	3	136
966	2267	2267	2268	0	-1	2	137
967	2266	2266	2268	0	-2	2	136
968	2269	2268	2270	1	-1	3	136
969	2267	2267	2268	0	-1	2	136
970	2266	2266	2267	0	-1	2	136
971	2269	2268	2271	1	-2	4	137
972	2267	2267	2268	0	-1	2	137
973	2265	2265	2267	0	-2	2	136
974	2269	2268	2270	1	-1	3	136
975	2268	2266	2268	2	0	3	136
976	2265	2265	2267	0	-2	3	136
977	2425	2276	2428	149	-3	5	136
978	2267	2267	2269	0	-2	3	137
979	2267	2267	2268	0	-1	2	136
980	2277	2270	2278	7	-1	4	142
981	2267	2267	2269	0	-2	3	137
982	2267	2267	2269	0	-2	3	136
983	2267	2267	2268	0	-1	2	136
984	2268	2267	2269	1	-1	3	136
985	2267	2267	2269	0	-2	2	136
986	2267	2267	2268	0	-1	2	136
987	2268	2267	2269	1	-1	3	136
988	2266	2266	2268	0	-2	3	136
989	2267	2267	2268	0	-1	2	136
990	2268	2267	2269	1	-1	3	136
991	2267	2267	2268	0	-1	2	136
992	2267	2267	2269	0	-2	2	136
993	2268	2267	2269	1	-1	3	136
994	2258	2257	2259	1	-1	3	136
995	2257	2257	2259	0	-2	3	137
996	2257	2257	2259	0	-2	2	136
997	2259	2259	2261	0	-2	3	136
998	2266	2266	2268	0	-2	3	136
999	2277	2271	2278	6	-1	4	142
1000	2267	2267	2268	0	-1	2	136
